TextAsset Base
	string m_Name = "BaoXiangTips"
	string m_Script = "<?xml version="1.0" encoding="utf-8"?>
<Config>
<!-- 暂时注释掉
  <BaoXiangTips GoodsID="5250" Sex="-1" Ocuupation="-1" Type="2" Name="Bài Tarot ngẫu nhiên" Description="使用后随机获得1张塔罗牌" Award="4000069" />
  <BaoXiangTips GoodsID="5251" Sex="-1" Ocuupation="-1" Type="2" Name="Túi bài Tarot" Description="使用后随机获得3张塔罗牌" Award="4000069" />
  <BaoXiangTips GoodsID="5252" Sex="-1" Ocuupation="-1" Type="2" Name="Túi bài Tarot nhỏ" Description="使用后随机获得3张塔罗牌" Award="4000069" />
  <BaoXiangTips GoodsID="63141" Sex="-1" Ocuupation="-1" Type="2" Name="Rương Hồn Thạch Cực" Description="使用后可随机获得一个5-10阶魂石" Award="4000089" />
  <BaoXiangTips GoodsID="63142" Sex="-1" Ocuupation="-1" Type="2" Name="Rương Hồn Thạch Cao" Description="使用后可随机获得一个5-9阶魂石" Award="4000090" />
  <BaoXiangTips GoodsID="63143" Sex="-1" Ocuupation="-1" Type="2" Name="Bùa May Mắn Huỳnh Thạch Cao" Description="使用后可随机获得一个4-9阶荧光宝石" Award="4000091" />
  <BaoXiangTips GoodsID="63144" Sex="-1" Ocuupation="-1" Type="2" Name="Bùa May Mắn Huỳnh Thạch Cực" Description="使用后可随机获得一个5-10阶荧光宝石" Award="4000092" />
  <BaoXiangTips GoodsID="63156" Sex="-1" Ocuupation="-1" Type="2" Name="Rương Bùa Thiên Phú" Description="使用后可随机获得一个1-5阶符文" Award="4000105" />
  <BaoXiangTips GoodsID="63157" Sex="-1" Ocuupation="-1" Type="2" Name="Rương Bùa Cao Cấp" Description="使用后可随机获得一个5-6阶符文" Award="4000106" />
  <BaoXiangTips GoodsID="63165" Sex="-1" Ocuupation="-1" Type="2" Name="Rương Giác Tỉnh-Hủy Diệt" Description="使用后随机获得一个【觉醒·毁灭】套装部位碎片。套装部位包括：头盔、铠甲、护手、护腿、靴子" Award="4000114" />
  <BaoXiangTips GoodsID="63166" Sex="-1" Ocuupation="-1" Type="2" Name="Rương Giác Tỉnh-Sinh Tồn" Description="使用后随机获得一个【觉醒·生存】套装部位碎片。套装部位包括：头盔、铠甲、护手、护腿、靴子" Award="4000115" />
  <BaoXiangTips GoodsID="63195" Sex="-1" Ocuupation="-1" Type="2" Name="Rương Thú Cưỡi" Description="使用后随机获得坐骑或者坐骑栏位升级道具" Award="4000130" />
  <BaoXiangTips GoodsID="63196" Sex="-1" Ocuupation="-1" Type="2" Name="Rương Tăng Thú Cưỡi" Description="使用后随机获得坐骑进阶道具" Award="4000131" />
  <BaoXiangTips GoodsID="90000" Sex="-1" Ocuupation="-1" Type="3" Name="Trang bị hoàn hảo lục lv1" Description="皮、革、藤套装" Award="1000101,1,0,-1,-1,-1,768|1000001,1,0,-1,-1,-1,768|1000201,1,0,-1,-1,-1,768|1000301,1,0,-1,-1,-1,768|1000401,1,0,-1,-1,-1,768|1000601,1,0,-1,-1,-1,768|1000501,1,0,-1,-1,-1,3|1005101,1,0,-1,-1,-1,3|1005001,1,0,-1,-1,-1,3|1005201,1,0,-1,-1,-1,3|1005301,1,0,-1,-1,-1,768|1010101,1,0,-1,-1,-1,768|1010001,1,0,-1,-1,-1,768|1010201,1,0,-1,-1,-1,768|1010301,1,0,-1,-1,-1,768|1010401,1,0,-1,-1,-1,768|1010601,1,0,-1,-1,-1,768|1010501,1,0,-1,-1,-1,3|1015101,1,0,-1,-1,-1,3|1015001,1,0,-1,-1,-1,3|1015301,1,0,-1,-1,-1,768|1020101,1,0,-1,-1,-1,768|1020001,1,0,-1,-1,-1,768|1020201,1,0,-1,-1,-1,768|1020301,1,0,-1,-1,-1,768|1020401,1,0,-1,-1,-1,768|1020601,1,0,-1,-1,-1,768|1020501,1,0,-1,-1,-1,3|1025401,1,0,-1,-1,-1,3|1025501,1,0,-1,-1,-1,3|1022101,1,0,-1,-1,-1,3" />
  <BaoXiangTips GoodsID="90001" Sex="-1" Ocuupation="-1" Type="3" Name="Trang bị hoàn hảo lam lv1" Description="皮、革、藤套装" Award="1000101,1,0,-1,-1,-1,3840|1000001,1,0,-1,-1,-1,3840|1000201,1,0,-1,-1,-1,3840|1000301,1,0,-1,-1,-1,3840|1000401,1,0,-1,-1,-1,3840|1000601,1,0,-1,-1,-1,3840|1000501,1,0,-1,-1,-1,43|1005101,1,0,-1,-1,-1,43|1005001,1,0,-1,-1,-1,43|1005201,1,0,-1,-1,-1,43|1005301,1,0,-1,-1,-1,3840|1010101,1,0,-1,-1,-1,3840|1010001,1,0,-1,-1,-1,3840|1010201,1,0,-1,-1,-1,3840|1010301,1,0,-1,-1,-1,3840|1010401,1,0,-1,-1,-1,3840|1010601,1,0,-1,-1,-1,3840|1010501,1,0,-1,-1,-1,43|1015101,1,0,-1,-1,-1,43|1015001,1,0,-1,-1,-1,43|1015301,1,0,-1,-1,-1,3840|1020101,1,0,-1,-1,-1,3840|1020001,1,0,-1,-1,-1,3840|1020201,1,0,-1,-1,-1,3840|1020301,1,0,-1,-1,-1,3840|1020401,1,0,-1,-1,-1,3840|1020601,1,0,-1,-1,-1,3840|1020501,1,0,-1,-1,-1,43|1025401,1,0,-1,-1,-1,43|1025501,1,0,-1,-1,-1,43|1022101,1,0,-1,-1,-1,43" />
  <BaoXiangTips GoodsID="90002" Sex="-1" Ocuupation="-1" Type="3" Name="Trang bị hoàn hảo tím lv1" Description="皮、革、藤套装" Award="1000101,1,0,-1,-1,-1,16128|1000001,1,0,-1,-1,-1,16128|1000201,1,0,-1,-1,-1,16128|1000301,1,0,-1,-1,-1,16128|1000401,1,0,-1,-1,-1,16128|1000601,1,0,-1,-1,-1,16128|1000501,1,0,-1,-1,-1,235|1005101,1,0,-1,-1,-1,235|1005001,1,0,-1,-1,-1,235|1005201,1,0,-1,-1,-1,235|1005301,1,0,-1,-1,-1,16128|1010101,1,0,-1,-1,-1,16128|1010001,1,0,-1,-1,-1,16128|1010201,1,0,-1,-1,-1,16128|1010301,1,0,-1,-1,-1,16128|1010401,1,0,-1,-1,-1,16128|1010601,1,0,-1,-1,-1,16128|1010501,1,0,-1,-1,-1,235|1015101,1,0,-1,-1,-1,235|1015001,1,0,-1,-1,-1,235|1015301,1,0,-1,-1,-1,16128|1020101,1,0,-1,-1,-1,16128|1020001,1,0,-1,-1,-1,16128|1020201,1,0,-1,-1,-1,16128|1020301,1,0,-1,-1,-1,16128|1020401,1,0,-1,-1,-1,16128|1020601,1,0,-1,-1,-1,16128|1020501,1,0,-1,-1,-1,235|1025401,1,0,-1,-1,-1,235|1025501,1,0,-1,-1,-1,235|1022101,1,0,-1,-1,-1,235" />
  <BaoXiangTips GoodsID="90003" Sex="-1" Ocuupation="-1" Type="3" Name="Trang bị hoàn hảo lục lv2" Description="翡翠、骷髅、天蚕套装" Award="1000102,1,0,-1,-1,-1,768|1000002,1,0,-1,-1,-1,768|1000202,1,0,-1,-1,-1,768|1000302,1,0,-1,-1,-1,768|1000402,1,0,-1,-1,-1,768|1000602,1,0,-1,-1,-1,768|1000502,1,0,-1,-1,-1,3|1005102,1,0,-1,-1,-1,3|1005002,1,0,-1,-1,-1,3|1005205,1,0,-1,-1,-1,3|1005305,1,0,-1,-1,-1,768|1010102,1,0,-1,-1,-1,768|1010002,1,0,-1,-1,-1,768|1010202,1,0,-1,-1,-1,768|1010302,1,0,-1,-1,-1,768|1010402,1,0,-1,-1,-1,768|1010602,1,0,-1,-1,-1,768|1010502,1,0,-1,-1,-1,3|1015102,1,0,-1,-1,-1,3|1015002,1,0,-1,-1,-1,3|1015305,1,0,-1,-1,-1,768|1020102,1,0,-1,-1,-1,768|1020002,1,0,-1,-1,-1,768|1020202,1,0,-1,-1,-1,768|1020302,1,0,-1,-1,-1,768|1020402,1,0,-1,-1,-1,768|1020602,1,0,-1,-1,-1,768|1020502,1,0,-1,-1,-1,3|1025402,1,0,-1,-1,-1,3|1025502,1,0,-1,-1,-1,3|1022105,1,0,-1,-1,-1,3" />
  <BaoXiangTips GoodsID="90004" Sex="-1" Ocuupation="-1" Type="3" Name="Trang bị hoàn hảo lam lv2" Description="翡翠、骷髅、天蚕套装" Award="1000102,1,0,-1,-1,-1,3840|1000002,1,0,-1,-1,-1,3840|1000202,1,0,-1,-1,-1,3840|1000302,1,0,-1,-1,-1,3840|1000402,1,0,-1,-1,-1,3840|1000602,1,0,-1,-1,-1,3840|1000502,1,0,-1,-1,-1,43|1005102,1,0,-1,-1,-1,43|1005002,1,0,-1,-1,-1,43|1005205,1,0,-1,-1,-1,43|1005305,1,0,-1,-1,-1,3840|1010102,1,0,-1,-1,-1,3840|1010002,1,0,-1,-1,-1,3840|1010202,1,0,-1,-1,-1,3840|1010302,1,0,-1,-1,-1,3840|1010402,1,0,-1,-1,-1,3840|1010602,1,0,-1,-1,-1,3840|1010502,1,0,-1,-1,-1,43|1015102,1,0,-1,-1,-1,43|1015002,1,0,-1,-1,-1,43|1015305,1,0,-1,-1,-1,3840|1020102,1,0,-1,-1,-1,3840|1020002,1,0,-1,-1,-1,3840|1020202,1,0,-1,-1,-1,3840|1020302,1,0,-1,-1,-1,3840|1020402,1,0,-1,-1,-1,3840|1020602,1,0,-1,-1,-1,3840|1020502,1,0,-1,-1,-1,43|1025402,1,0,-1,-1,-1,43|1025502,1,0,-1,-1,-1,43|1022105,1,0,-1,-1,-1,43" />
  <BaoXiangTips GoodsID="90005" Sex="-1" Ocuupation="-1" Type="3" Name="Trang bị hoàn hảo tím lv2" Description="翡翠、骷髅、天蚕套装" Award="1000102,1,0,-1,-1,-1,16128|1000002,1,0,-1,-1,-1,16128|1000202,1,0,-1,-1,-1,16128|1000302,1,0,-1,-1,-1,16128|1000402,1,0,-1,-1,-1,16128|1000602,1,0,-1,-1,-1,16128|1000502,1,0,-1,-1,-1,235|1005102,1,0,-1,-1,-1,235|1005002,1,0,-1,-1,-1,235|1005205,1,0,-1,-1,-1,235|1005305,1,0,-1,-1,-1,16128|1010102,1,0,-1,-1,-1,16128|1010002,1,0,-1,-1,-1,16128|1010202,1,0,-1,-1,-1,16128|1010302,1,0,-1,-1,-1,16128|1010402,1,0,-1,-1,-1,16128|1010602,1,0,-1,-1,-1,16128|1010502,1,0,-1,-1,-1,235|1015102,1,0,-1,-1,-1,235|1015002,1,0,-1,-1,-1,235|1015305,1,0,-1,-1,-1,16128|1020102,1,0,-1,-1,-1,16128|1020002,1,0,-1,-1,-1,16128|1020202,1,0,-1,-1,-1,16128|1020302,1,0,-1,-1,-1,16128|1020402,1,0,-1,-1,-1,16128|1020602,1,0,-1,-1,-1,16128|1020502,1,0,-1,-1,-1,235|1025402,1,0,-1,-1,-1,235|1025502,1,0,-1,-1,-1,235|1022105,1,0,-1,-1,-1,235" />
  <BaoXiangTips GoodsID="90006" Sex="-1" Ocuupation="-1" Type="3" Name="Trang bị hoàn hảo lục lv3" Description="黄金、魔王、风之套装" Award="1000103,1,0,-1,-1,-1,768|1000003,1,0,-1,-1,-1,768|1000203,1,0,-1,-1,-1,768|1000303,1,0,-1,-1,-1,768|1000403,1,0,-1,-1,-1,768|1000603,1,0,-1,-1,-1,768|1000503,1,0,-1,-1,-1,3|1005103,1,0,-1,-1,-1,3|1005003,1,0,-1,-1,-1,3|1005206,1,0,-1,-1,-1,3|1005306,1,0,-1,-1,-1,768|1010103,1,0,-1,-1,-1,768|1010003,1,0,-1,-1,-1,768|1010203,1,0,-1,-1,-1,768|1010303,1,0,-1,-1,-1,768|1010403,1,0,-1,-1,-1,768|1010603,1,0,-1,-1,-1,768|1010503,1,0,-1,-1,-1,3|1015103,1,0,-1,-1,-1,3|1015003,1,0,-1,-1,-1,3|1015306,1,0,-1,-1,-1,768|1020103,1,0,-1,-1,-1,768|1020003,1,0,-1,-1,-1,768|1020203,1,0,-1,-1,-1,768|1020303,1,0,-1,-1,-1,768|1020403,1,0,-1,-1,-1,768|1020603,1,0,-1,-1,-1,768|1020503,1,0,-1,-1,-1,3|1025403,1,0,-1,-1,-1,3|1025503,1,0,-1,-1,-1,3|1022106,1,0,-1,-1,-1,3" />
  <BaoXiangTips GoodsID="90007" Sex="-1" Ocuupation="-1" Type="3" Name="Trang bị hoàn hảo lam lv3" Description="黄金、魔王、风之套装" Award="1000103,1,0,-1,-1,-1,3840|1000003,1,0,-1,-1,-1,3840|1000203,1,0,-1,-1,-1,3840|1000303,1,0,-1,-1,-1,3840|1000403,1,0,-1,-1,-1,3840|1000603,1,0,-1,-1,-1,3840|1000503,1,0,-1,-1,-1,43|1005103,1,0,-1,-1,-1,43|1005003,1,0,-1,-1,-1,43|1005206,1,0,-1,-1,-1,43|1005306,1,0,-1,-1,-1,3840|1010103,1,0,-1,-1,-1,3840|1010003,1,0,-1,-1,-1,3840|1010203,1,0,-1,-1,-1,3840|1010303,1,0,-1,-1,-1,3840|1010403,1,0,-1,-1,-1,3840|1010603,1,0,-1,-1,-1,3840|1010503,1,0,-1,-1,-1,43|1015103,1,0,-1,-1,-1,43|1015003,1,0,-1,-1,-1,43|1015306,1,0,-1,-1,-1,3840|1020103,1,0,-1,-1,-1,3840|1020003,1,0,-1,-1,-1,3840|1020203,1,0,-1,-1,-1,3840|1020303,1,0,-1,-1,-1,3840|1020403,1,0,-1,-1,-1,3840|1020603,1,0,-1,-1,-1,3840|1020503,1,0,-1,-1,-1,43|1025403,1,0,-1,-1,-1,43|1025503,1,0,-1,-1,-1,43|1022106,1,0,-1,-1,-1,43" />
  <BaoXiangTips GoodsID="90008" Sex="-1" Ocuupation="-1" Type="3" Name="Trang bị hoàn hảo tím lv3" Description="黄金、魔王、风之套装" Award="1000103,1,0,-1,-1,-1,16128|1000003,1,0,-1,-1,-1,16128|1000203,1,0,-1,-1,-1,16128|1000303,1,0,-1,-1,-1,16128|1000403,1,0,-1,-1,-1,16128|1000603,1,0,-1,-1,-1,16128|1000503,1,0,-1,-1,-1,235|1005103,1,0,-1,-1,-1,235|1005003,1,0,-1,-1,-1,235|1005206,1,0,-1,-1,-1,235|1005306,1,0,-1,-1,-1,16128|1010103,1,0,-1,-1,-1,16128|1010003,1,0,-1,-1,-1,16128|1010203,1,0,-1,-1,-1,16128|1010303,1,0,-1,-1,-1,16128|1010403,1,0,-1,-1,-1,16128|1010603,1,0,-1,-1,-1,16128|1010503,1,0,-1,-1,-1,235|1015103,1,0,-1,-1,-1,235|1015003,1,0,-1,-1,-1,235|1015306,1,0,-1,-1,-1,16128|1020103,1,0,-1,-1,-1,16128|1020003,1,0,-1,-1,-1,16128|1020203,1,0,-1,-1,-1,16128|1020303,1,0,-1,-1,-1,16128|1020403,1,0,-1,-1,-1,16128|1020603,1,0,-1,-1,-1,16128|1020503,1,0,-1,-1,-1,235|1025403,1,0,-1,-1,-1,235|1025503,1,0,-1,-1,-1,235|1022106,1,0,-1,-1,-1,235" />
  <BaoXiangTips GoodsID="90009" Sex="-1" Ocuupation="-1" Type="3" Name="Trang bị hoàn hảo lục lv4" Description="白金、星芒、精灵套装" Award="1000104,1,0,-1,-1,-1,768|1000004,1,0,-1,-1,-1,768|1000204,1,0,-1,-1,-1,768|1000304,1,0,-1,-1,-1,768|1000404,1,0,-1,-1,-1,768|1000604,1,0,-1,-1,-1,768|1000504,1,0,-1,-1,-1,3|1005104,1,0,-1,-1,-1,3|1005004,1,0,-1,-1,-1,3|1005207,1,0,-1,-1,-1,3|1005307,1,0,-1,-1,-1,768|1010104,1,0,-1,-1,-1,768|1010004,1,0,-1,-1,-1,768|1010204,1,0,-1,-1,-1,768|1010304,1,0,-1,-1,-1,768|1010404,1,0,-1,-1,-1,768|1010604,1,0,-1,-1,-1,768|1010504,1,0,-1,-1,-1,3|1015104,1,0,-1,-1,-1,3|1015004,1,0,-1,-1,-1,3|1015307,1,0,-1,-1,-1,768|1020104,1,0,-1,-1,-1,768|1020004,1,0,-1,-1,-1,768|1020204,1,0,-1,-1,-1,768|1020304,1,0,-1,-1,-1,768|1020404,1,0,-1,-1,-1,768|1020604,1,0,-1,-1,-1,768|1020504,1,0,-1,-1,-1,3|1025404,1,0,-1,-1,-1,3|1025504,1,0,-1,-1,-1,3|1022107,1,0,-1,-1,-1,3" />
  <BaoXiangTips GoodsID="90010" Sex="-1" Ocuupation="-1" Type="3" Name="Trang bị hoàn hảo lam lv4" Description="白金、星芒、精灵套装" Award="1000104,1,0,-1,-1,-1,3840|1000004,1,0,-1,-1,-1,3840|1000204,1,0,-1,-1,-1,3840|1000304,1,0,-1,-1,-1,3840|1000404,1,0,-1,-1,-1,3840|1000604,1,0,-1,-1,-1,3840|1000504,1,0,-1,-1,-1,43|1005104,1,0,-1,-1,-1,43|1005004,1,0,-1,-1,-1,43|1005207,1,0,-1,-1,-1,43|1005307,1,0,-1,-1,-1,3840|1010104,1,0,-1,-1,-1,3840|1010004,1,0,-1,-1,-1,3840|1010204,1,0,-1,-1,-1,3840|1010304,1,0,-1,-1,-1,3840|1010404,1,0,-1,-1,-1,3840|1010604,1,0,-1,-1,-1,3840|1010504,1,0,-1,-1,-1,43|1015104,1,0,-1,-1,-1,43|1015004,1,0,-1,-1,-1,43|1015307,1,0,-1,-1,-1,3840|1020104,1,0,-1,-1,-1,3840|1020004,1,0,-1,-1,-1,3840|1020204,1,0,-1,-1,-1,3840|1020304,1,0,-1,-1,-1,3840|1020404,1,0,-1,-1,-1,3840|1020604,1,0,-1,-1,-1,3840|1020504,1,0,-1,-1,-1,43|1025404,1,0,-1,-1,-1,43|1025504,1,0,-1,-1,-1,43|1022107,1,0,-1,-1,-1,43" />
  <BaoXiangTips GoodsID="90011" Sex="-1" Ocuupation="-1" Type="3" Name="Trang bị hoàn hảo tím lv4" Description="白金、星芒、精灵套装" Award="1000104,1,0,-1,-1,-1,16128|1000004,1,0,-1,-1,-1,16128|1000204,1,0,-1,-1,-1,16128|1000304,1,0,-1,-1,-1,16128|1000404,1,0,-1,-1,-1,16128|1000604,1,0,-1,-1,-1,16128|1000504,1,0,-1,-1,-1,235|1005104,1,0,-1,-1,-1,235|1005004,1,0,-1,-1,-1,235|1005207,1,0,-1,-1,-1,235|1005307,1,0,-1,-1,-1,16128|1010104,1,0,-1,-1,-1,16128|1010004,1,0,-1,-1,-1,16128|1010204,1,0,-1,-1,-1,16128|1010304,1,0,-1,-1,-1,16128|1010404,1,0,-1,-1,-1,16128|1010604,1,0,-1,-1,-1,16128|1010504,1,0,-1,-1,-1,235|1015104,1,0,-1,-1,-1,235|1015004,1,0,-1,-1,-1,235|1015307,1,0,-1,-1,-1,16128|1020104,1,0,-1,-1,-1,16128|1020004,1,0,-1,-1,-1,16128|1020204,1,0,-1,-1,-1,16128|1020304,1,0,-1,-1,-1,16128|1020404,1,0,-1,-1,-1,16128|1020604,1,0,-1,-1,-1,16128|1020504,1,0,-1,-1,-1,235|1025404,1,0,-1,-1,-1,235|1025504,1,0,-1,-1,-1,235|1022107,1,0,-1,-1,-1,235" />
  <BaoXiangTips GoodsID="90012" Sex="-1" Ocuupation="-1" Type="3" Name="Trang bị hoàn hảo lục lv5" Description="龙王、传说、女神套装" Award="1000105,1,0,-1,-1,-1,768|1000005,1,0,-1,-1,-1,768|1000205,1,0,-1,-1,-1,768|1000305,1,0,-1,-1,-1,768|1000405,1,0,-1,-1,-1,768|1000605,1,0,-1,-1,-1,768|1000505,1,0,-1,-1,-1,3|1005105,1,0,-1,-1,-1,3|1005005,1,0,-1,-1,-1,3|1005202,1,0,-1,-1,-1,3|1005302,1,0,-1,-1,-1,768|1010105,1,0,-1,-1,-1,768|1010005,1,0,-1,-1,-1,768|1010205,1,0,-1,-1,-1,768|1010305,1,0,-1,-1,-1,768|1010405,1,0,-1,-1,-1,768|1010605,1,0,-1,-1,-1,768|1010505,1,0,-1,-1,-1,3|1015105,1,0,-1,-1,-1,3|1015005,1,0,-1,-1,-1,3|1015302,1,0,-1,-1,-1,768|1020105,1,0,-1,-1,-1,768|1020005,1,0,-1,-1,-1,768|1020205,1,0,-1,-1,-1,768|1020305,1,0,-1,-1,-1,768|1020405,1,0,-1,-1,-1,768|1020605,1,0,-1,-1,-1,768|1020505,1,0,-1,-1,-1,3|1025405,1,0,-1,-1,-1,3|1025505,1,0,-1,-1,-1,3|1022102,1,0,-1,-1,-1,3|1030105,1,0,-1,-1,-1,768|1030005,1,0,-1,-1,-1,768|1030205,1,0,-1,-1,-1,768|1030605,1,0,-1,-1,-1,768|1030305,1,0,-1,-1,-1,768|1030405,1,0,-1,-1,-1,768|1040105,1,0,-1,-1,-1,768|1040005,1,0,-1,-1,-1,768|1030505,1,0,-1,-1,-1,3|1040505,1,0,-1,-1,-1,3|1050105,1,0,-1,-1,-1,768|1050005,1,0,-1,-1,-1,768|1050205,1,0,-1,-1,-1,768|1050305,1,0,-1,-1,-1,768|1050405,1,0,-1,-1,-1,768|1050605,1,0,-1,-1,-1,768|1050505,1,0,-1,-1,-1,3" />
  <BaoXiangTips GoodsID="90013" Sex="-1" Ocuupation="-1" Type="3" Name="Trang bị hoàn hảo lam lv5" Description="龙王、传说、女神套装" Award="1000105,1,0,-1,-1,-1,3840|1000005,1,0,-1,-1,-1,3840|1000205,1,0,-1,-1,-1,3840|1000305,1,0,-1,-1,-1,3840|1000405,1,0,-1,-1,-1,3840|1000605,1,0,-1,-1,-1,3840|1000505,1,0,-1,-1,-1,43|1005105,1,0,-1,-1,-1,43|1005005,1,0,-1,-1,-1,43|1005202,1,0,-1,-1,-1,43|1005302,1,0,-1,-1,-1,3840|1010105,1,0,-1,-1,-1,3840|1010005,1,0,-1,-1,-1,3840|1010205,1,0,-1,-1,-1,3840|1010305,1,0,-1,-1,-1,3840|1010405,1,0,-1,-1,-1,3840|1010605,1,0,-1,-1,-1,3840|1010505,1,0,-1,-1,-1,43|1015105,1,0,-1,-1,-1,43|1015005,1,0,-1,-1,-1,43|1015302,1,0,-1,-1,-1,3840|1020105,1,0,-1,-1,-1,3840|1020005,1,0,-1,-1,-1,3840|1020205,1,0,-1,-1,-1,3840|1020305,1,0,-1,-1,-1,3840|1020405,1,0,-1,-1,-1,3840|1020605,1,0,-1,-1,-1,3840|1020505,1,0,-1,-1,-1,43|1025405,1,0,-1,-1,-1,43|1025505,1,0,-1,-1,-1,43|1022102,1,0,-1,-1,-1,43|1030105,1,0,-1,-1,-1,3840|1030005,1,0,-1,-1,-1,3840|1030205,1,0,-1,-1,-1,3840|1030605,1,0,-1,-1,-1,3840|1030305,1,0,-1,-1,-1,3840|1030405,1,0,-1,-1,-1,3840|1040105,1,0,-1,-1,-1,3840|1040005,1,0,-1,-1,-1,3840|1030505,1,0,-1,-1,-1,43|1040505,1,0,-1,-1,-1,43|1050105,1,0,-1,-1,-1,3840|1050005,1,0,-1,-1,-1,3840|1050205,1,0,-1,-1,-1,3840|1050305,1,0,-1,-1,-1,3840|1050405,1,0,-1,-1,-1,3840|1050605,1,0,-1,-1,-1,3840|1050505,1,0,-1,-1,-1,43" />
  <BaoXiangTips GoodsID="90014" Sex="-1" Ocuupation="-1" Type="3" Name="Trang bị hoàn hảo tím lv5" Description="龙王、传说、女神套装" Award="1000105,1,0,-1,-1,-1,16128|1000005,1,0,-1,-1,-1,16128|1000205,1,0,-1,-1,-1,16128|1000305,1,0,-1,-1,-1,16128|1000405,1,0,-1,-1,-1,16128|1000605,1,0,-1,-1,-1,16128|1000505,1,0,-1,-1,-1,235|1005105,1,0,-1,-1,-1,235|1005005,1,0,-1,-1,-1,235|1005202,1,0,-1,-1,-1,235|1005302,1,0,-1,-1,-1,16128|1010105,1,0,-1,-1,-1,16128|1010005,1,0,-1,-1,-1,16128|1010205,1,0,-1,-1,-1,16128|1010305,1,0,-1,-1,-1,16128|1010405,1,0,-1,-1,-1,16128|1010605,1,0,-1,-1,-1,16128|1010505,1,0,-1,-1,-1,235|1015105,1,0,-1,-1,-1,235|1015005,1,0,-1,-1,-1,235|1015302,1,0,-1,-1,-1,16128|1020105,1,0,-1,-1,-1,16128|1020005,1,0,-1,-1,-1,16128|1020205,1,0,-1,-1,-1,16128|1020305,1,0,-1,-1,-1,16128|1020405,1,0,-1,-1,-1,16128|1020605,1,0,-1,-1,-1,16128|1020505,1,0,-1,-1,-1,235|1025405,1,0,-1,-1,-1,235|1025505,1,0,-1,-1,-1,235|1022102,1,0,-1,-1,-1,235|1030105,1,0,-1,-1,-1,16128|1030005,1,0,-1,-1,-1,16128|1030205,1,0,-1,-1,-1,16128|1030605,1,0,-1,-1,-1,16128|1030305,1,0,-1,-1,-1,16128|1030405,1,0,-1,-1,-1,16128|1040105,1,0,-1,-1,-1,16128|1040005,1,0,-1,-1,-1,16128|1030505,1,0,-1,-1,-1,235|1040505,1,0,-1,-1,-1,235|1050105,1,0,-1,-1,-1,16128|1050005,1,0,-1,-1,-1,16128|1050205,1,0,-1,-1,-1,16128|1050305,1,0,-1,-1,-1,16128|1050405,1,0,-1,-1,-1,16128|1050605,1,0,-1,-1,-1,16128|1050505,1,0,-1,-1,-1,235" />
  <BaoXiangTips GoodsID="90015" Sex="-1" Ocuupation="-1" Type="3" Name="Trang bị hoàn hảo lục lv6" Description="黑龙王、幻月、碧影套装" Award="1000106,1,0,-1,-1,-1,768|1000006,1,0,-1,-1,-1,768|1000206,1,0,-1,-1,-1,768|1000306,1,0,-1,-1,-1,768|1000406,1,0,-1,-1,-1,768|1000606,1,0,-1,-1,-1,768|1000506,1,0,-1,-1,-1,3|1005106,1,0,-1,-1,-1,3|1005006,1,0,-1,-1,-1,3|1005208,1,0,-1,-1,-1,3|1005308,1,0,-1,-1,-1,768|1010106,1,0,-1,-1,-1,768|1010006,1,0,-1,-1,-1,768|1010206,1,0,-1,-1,-1,768|1010306,1,0,-1,-1,-1,768|1010406,1,0,-1,-1,-1,768|1010606,1,0,-1,-1,-1,768|1010506,1,0,-1,-1,-1,3|1015106,1,0,-1,-1,-1,3|1015006,1,0,-1,-1,-1,3|1015308,1,0,-1,-1,-1,768|1020106,1,0,-1,-1,-1,768|1020006,1,0,-1,-1,-1,768|1020206,1,0,-1,-1,-1,768|1020306,1,0,-1,-1,-1,768|1020406,1,0,-1,-1,-1,768|1020606,1,0,-1,-1,-1,768|1020506,1,0,-1,-1,-1,3|1025406,1,0,-1,-1,-1,3|1025506,1,0,-1,-1,-1,3|1022108,1,0,-1,-1,-1,3|1030106,1,0,-1,-1,-1,768|1030006,1,0,-1,-1,-1,768|1030206,1,0,-1,-1,-1,768|1030606,1,0,-1,-1,-1,768|1030306,1,0,-1,-1,-1,768|1030406,1,0,-1,-1,-1,768|1040106,1,0,-1,-1,-1,768|1040006,1,0,-1,-1,-1,768|1030506,1,0,-1,-1,-1,3|1040506,1,0,-1,-1,-1,3|1050106,1,0,-1,-1,-1,768|1050006,1,0,-1,-1,-1,768|1050206,1,0,-1,-1,-1,768|1050306,1,0,-1,-1,-1,768|1050406,1,0,-1,-1,-1,768|1050606,1,0,-1,-1,-1,768|1050506,1,0,-1,-1,-1,3" />
  <BaoXiangTips GoodsID="90016" Sex="-1" Ocuupation="-1" Type="3" Name="Trang bị hoàn hảo lam lv6" Description="黑龙王、幻月、碧影套装" Award="1000106,1,0,-1,-1,-1,3840|1000006,1,0,-1,-1,-1,3840|1000206,1,0,-1,-1,-1,3840|1000306,1,0,-1,-1,-1,3840|1000406,1,0,-1,-1,-1,3840|1000606,1,0,-1,-1,-1,3840|1000506,1,0,-1,-1,-1,43|1005106,1,0,-1,-1,-1,43|1005006,1,0,-1,-1,-1,43|1005208,1,0,-1,-1,-1,43|1005308,1,0,-1,-1,-1,3840|1010106,1,0,-1,-1,-1,3840|1010006,1,0,-1,-1,-1,3840|1010206,1,0,-1,-1,-1,3840|1010306,1,0,-1,-1,-1,3840|1010406,1,0,-1,-1,-1,3840|1010606,1,0,-1,-1,-1,3840|1010506,1,0,-1,-1,-1,43|1015106,1,0,-1,-1,-1,43|1015006,1,0,-1,-1,-1,43|1015308,1,0,-1,-1,-1,3840|1020106,1,0,-1,-1,-1,3840|1020006,1,0,-1,-1,-1,3840|1020206,1,0,-1,-1,-1,3840|1020306,1,0,-1,-1,-1,3840|1020406,1,0,-1,-1,-1,3840|1020606,1,0,-1,-1,-1,3840|1020506,1,0,-1,-1,-1,43|1025406,1,0,-1,-1,-1,43|1025506,1,0,-1,-1,-1,43|1022108,1,0,-1,-1,-1,43|1030106,1,0,-1,-1,-1,3840|1030006,1,0,-1,-1,-1,3840|1030206,1,0,-1,-1,-1,3840|1030606,1,0,-1,-1,-1,3840|1030306,1,0,-1,-1,-1,3840|1030406,1,0,-1,-1,-1,3840|1040106,1,0,-1,-1,-1,3840|1040006,1,0,-1,-1,-1,3840|1030506,1,0,-1,-1,-1,43|1040506,1,0,-1,-1,-1,43|1050106,1,0,-1,-1,-1,3840|1050006,1,0,-1,-1,-1,3840|1050206,1,0,-1,-1,-1,3840|1050306,1,0,-1,-1,-1,3840|1050406,1,0,-1,-1,-1,3840|1050606,1,0,-1,-1,-1,3840|1050506,1,0,-1,-1,-1,43" />
  <BaoXiangTips GoodsID="90017" Sex="-1" Ocuupation="-1" Type="3" Name="Trang bị hoàn hảo tím lv6" Description="黑龙王、幻月、碧影套装" Award="1000106,1,0,-1,-1,-1,16128|1000006,1,0,-1,-1,-1,16128|1000206,1,0,-1,-1,-1,16128|1000306,1,0,-1,-1,-1,16128|1000406,1,0,-1,-1,-1,16128|1000606,1,0,-1,-1,-1,16128|1000506,1,0,-1,-1,-1,235|1005106,1,0,-1,-1,-1,235|1005006,1,0,-1,-1,-1,235|1005208,1,0,-1,-1,-1,235|1005308,1,0,-1,-1,-1,16128|1010106,1,0,-1,-1,-1,16128|1010006,1,0,-1,-1,-1,16128|1010206,1,0,-1,-1,-1,16128|1010306,1,0,-1,-1,-1,16128|1010406,1,0,-1,-1,-1,16128|1010606,1,0,-1,-1,-1,16128|1010506,1,0,-1,-1,-1,235|1015106,1,0,-1,-1,-1,235|1015006,1,0,-1,-1,-1,235|1015308,1,0,-1,-1,-1,16128|1020106,1,0,-1,-1,-1,16128|1020006,1,0,-1,-1,-1,16128|1020206,1,0,-1,-1,-1,16128|1020306,1,0,-1,-1,-1,16128|1020406,1,0,-1,-1,-1,16128|1020606,1,0,-1,-1,-1,16128|1020506,1,0,-1,-1,-1,235|1025406,1,0,-1,-1,-1,235|1025506,1,0,-1,-1,-1,235|1022108,1,0,-1,-1,-1,235|1030106,1,0,-1,-1,-1,16128|1030006,1,0,-1,-1,-1,16128|1030206,1,0,-1,-1,-1,16128|1030606,1,0,-1,-1,-1,16128|1030306,1,0,-1,-1,-1,16128|1030406,1,0,-1,-1,-1,16128|1040106,1,0,-1,-1,-1,16128|1040006,1,0,-1,-1,-1,16128|1030506,1,0,-1,-1,-1,235|1040506,1,0,-1,-1,-1,235|1050106,1,0,-1,-1,-1,16128|1050006,1,0,-1,-1,-1,16128|1050206,1,0,-1,-1,-1,16128|1050306,1,0,-1,-1,-1,16128|1050406,1,0,-1,-1,-1,16128|1050606,1,0,-1,-1,-1,16128|1050506,1,0,-1,-1,-1,235" />
  <BaoXiangTips GoodsID="90018" Sex="-1" Ocuupation="-1" Type="3" Name="Trang bị hoàn hảo lục lv7" Description="黑凤凰、麒麟、圣灵套装" Award="1000107,1,0,-1,-1,-1,768|1000007,1,0,-1,-1,-1,768|1000207,1,0,-1,-1,-1,768|1000307,1,0,-1,-1,-1,768|1000407,1,0,-1,-1,-1,768|1000607,1,0,-1,-1,-1,768|1000507,1,0,-1,-1,-1,3|1005107,1,0,-1,-1,-1,3|1005007,1,0,-1,-1,-1,3|1005203,1,0,-1,-1,-1,3|1005303,1,0,-1,-1,-1,768|1010107,1,0,-1,-1,-1,768|1010007,1,0,-1,-1,-1,768|1010207,1,0,-1,-1,-1,768|1010307,1,0,-1,-1,-1,768|1010407,1,0,-1,-1,-1,768|1010607,1,0,-1,-1,-1,768|1010507,1,0,-1,-1,-1,3|1015107,1,0,-1,-1,-1,3|1015007,1,0,-1,-1,-1,3|1015303,1,0,-1,-1,-1,768|1020107,1,0,-1,-1,-1,768|1020007,1,0,-1,-1,-1,768|1020207,1,0,-1,-1,-1,768|1020307,1,0,-1,-1,-1,768|1020407,1,0,-1,-1,-1,768|1020607,1,0,-1,-1,-1,768|1020507,1,0,-1,-1,-1,3|1025407,1,0,-1,-1,-1,3|1025507,1,0,-1,-1,-1,3|1022103,1,0,-1,-1,-1,3|1030107,1,0,-1,-1,-1,768|1030007,1,0,-1,-1,-1,768|1030207,1,0,-1,-1,-1,768|1030607,1,0,-1,-1,-1,768|1030307,1,0,-1,-1,-1,768|1030407,1,0,-1,-1,-1,768|1040107,1,0,-1,-1,-1,768|1040007,1,0,-1,-1,-1,768|1030507,1,0,-1,-1,-1,3|1040507,1,0,-1,-1,-1,3|1050107,1,0,-1,-1,-1,768|1050007,1,0,-1,-1,-1,768|1050207,1,0,-1,-1,-1,768|1050307,1,0,-1,-1,-1,768|1050407,1,0,-1,-1,-1,768|1050607,1,0,-1,-1,-1,768|1050507,1,0,-1,-1,-1,3" />
  <BaoXiangTips GoodsID="90019" Sex="-1" Ocuupation="-1" Type="3" Name="Trang bị hoàn hảo lam lv7" Description="黑凤凰、麒麟、圣灵套装" Award="1000107,1,0,-1,-1,-1,3840|1000007,1,0,-1,-1,-1,3840|1000207,1,0,-1,-1,-1,3840|1000307,1,0,-1,-1,-1,3840|1000407,1,0,-1,-1,-1,3840|1000607,1,0,-1,-1,-1,3840|1000507,1,0,-1,-1,-1,43|1005107,1,0,-1,-1,-1,43|1005007,1,0,-1,-1,-1,43|1005203,1,0,-1,-1,-1,43|1005303,1,0,-1,-1,-1,3840|1010107,1,0,-1,-1,-1,3840|1010007,1,0,-1,-1,-1,3840|1010207,1,0,-1,-1,-1,3840|1010307,1,0,-1,-1,-1,3840|1010407,1,0,-1,-1,-1,3840|1010607,1,0,-1,-1,-1,3840|1010507,1,0,-1,-1,-1,43|1015107,1,0,-1,-1,-1,43|1015007,1,0,-1,-1,-1,43|1015303,1,0,-1,-1,-1,3840|1020107,1,0,-1,-1,-1,3840|1020007,1,0,-1,-1,-1,3840|1020207,1,0,-1,-1,-1,3840|1020307,1,0,-1,-1,-1,3840|1020407,1,0,-1,-1,-1,3840|1020607,1,0,-1,-1,-1,3840|1020507,1,0,-1,-1,-1,43|1025407,1,0,-1,-1,-1,43|1025507,1,0,-1,-1,-1,43|1022103,1,0,-1,-1,-1,43|1030107,1,0,-1,-1,-1,3840|1030007,1,0,-1,-1,-1,3840|1030207,1,0,-1,-1,-1,3840|1030607,1,0,-1,-1,-1,3840|1030307,1,0,-1,-1,-1,3840|1030407,1,0,-1,-1,-1,3840|1040107,1,0,-1,-1,-1,3840|1040007,1,0,-1,-1,-1,3840|1030507,1,0,-1,-1,-1,43|1040507,1,0,-1,-1,-1,43|1050107,1,0,-1,-1,-1,3840|1050007,1,0,-1,-1,-1,3840|1050207,1,0,-1,-1,-1,3840|1050307,1,0,-1,-1,-1,3840|1050407,1,0,-1,-1,-1,3840|1050607,1,0,-1,-1,-1,3840|1050507,1,0,-1,-1,-1,43" />
  <BaoXiangTips GoodsID="90020" Sex="-1" Ocuupation="-1" Type="3" Name="Trang bị hoàn hảo tím lv7" Description="黑凤凰、麒麟、圣灵套装" Award="1000107,1,0,-1,-1,-1,16128|1000007,1,0,-1,-1,-1,16128|1000207,1,0,-1,-1,-1,16128|1000307,1,0,-1,-1,-1,16128|1000407,1,0,-1,-1,-1,16128|1000607,1,0,-1,-1,-1,16128|1000507,1,0,-1,-1,-1,235|1005107,1,0,-1,-1,-1,235|1005007,1,0,-1,-1,-1,235|1005203,1,0,-1,-1,-1,235|1005303,1,0,-1,-1,-1,16128|1010107,1,0,-1,-1,-1,16128|1010007,1,0,-1,-1,-1,16128|1010207,1,0,-1,-1,-1,16128|1010307,1,0,-1,-1,-1,16128|1010407,1,0,-1,-1,-1,16128|1010607,1,0,-1,-1,-1,16128|1010507,1,0,-1,-1,-1,235|1015107,1,0,-1,-1,-1,235|1015007,1,0,-1,-1,-1,235|1015303,1,0,-1,-1,-1,16128|1020107,1,0,-1,-1,-1,16128|1020007,1,0,-1,-1,-1,16128|1020207,1,0,-1,-1,-1,16128|1020307,1,0,-1,-1,-1,16128|1020407,1,0,-1,-1,-1,16128|1020607,1,0,-1,-1,-1,16128|1020507,1,0,-1,-1,-1,235|1025407,1,0,-1,-1,-1,235|1025507,1,0,-1,-1,-1,235|1022103,1,0,-1,-1,-1,235|1030107,1,0,-1,-1,-1,16128|1030007,1,0,-1,-1,-1,16128|1030207,1,0,-1,-1,-1,16128|1030607,1,0,-1,-1,-1,16128|1030307,1,0,-1,-1,-1,16128|1030407,1,0,-1,-1,-1,16128|1040107,1,0,-1,-1,-1,16128|1040007,1,0,-1,-1,-1,16128|1030507,1,0,-1,-1,-1,235|1040507,1,0,-1,-1,-1,235|1050107,1,0,-1,-1,-1,16128|1050007,1,0,-1,-1,-1,16128|1050207,1,0,-1,-1,-1,16128|1050307,1,0,-1,-1,-1,16128|1050407,1,0,-1,-1,-1,16128|1050607,1,0,-1,-1,-1,16128|1050507,1,0,-1,-1,-1,235" />
  <BaoXiangTips GoodsID="90021" Sex="-1" Ocuupation="-1" Type="3" Name="Trang bị hoàn hảo lục lv8" Description="龙炎、黑炎、红羽套装" Award="1000108,1,0,-1,-1,-1,768|1000008,1,0,-1,-1,-1,768|1000208,1,0,-1,-1,-1,768|1000308,1,0,-1,-1,-1,768|1000408,1,0,-1,-1,-1,768|1000608,1,0,-1,-1,-1,768|1000508,1,0,-1,-1,-1,3|1005108,1,0,-1,-1,-1,3|1005008,1,0,-1,-1,-1,3|1005209,1,0,-1,-1,-1,3|1005309,1,0,-1,-1,-1,768|1010108,1,0,-1,-1,-1,768|1010008,1,0,-1,-1,-1,768|1010208,1,0,-1,-1,-1,768|1010308,1,0,-1,-1,-1,768|1010408,1,0,-1,-1,-1,768|1010608,1,0,-1,-1,-1,768|1010508,1,0,-1,-1,-1,3|1015108,1,0,-1,-1,-1,3|1015008,1,0,-1,-1,-1,3|1015309,1,0,-1,-1,-1,768|1020108,1,0,-1,-1,-1,768|1020008,1,0,-1,-1,-1,768|1020208,1,0,-1,-1,-1,768|1020308,1,0,-1,-1,-1,768|1020408,1,0,-1,-1,-1,768|1020608,1,0,-1,-1,-1,768|1020508,1,0,-1,-1,-1,3|1025408,1,0,-1,-1,-1,3|1025508,1,0,-1,-1,-1,3|1022109,1,0,-1,-1,-1,3|1030108,1,0,-1,-1,-1,768|1030008,1,0,-1,-1,-1,768|1030208,1,0,-1,-1,-1,768|1030608,1,0,-1,-1,-1,768|1030308,1,0,-1,-1,-1,768|1030408,1,0,-1,-1,-1,768|1040108,1,0,-1,-1,-1,768|1040008,1,0,-1,-1,-1,768|1030508,1,0,-1,-1,-1,3|1040508,1,0,-1,-1,-1,3|1050108,1,0,-1,-1,-1,768|1050008,1,0,-1,-1,-1,768|1050208,1,0,-1,-1,-1,768|1050308,1,0,-1,-1,-1,768|1050408,1,0,-1,-1,-1,768|1050608,1,0,-1,-1,-1,768|1050508,1,0,-1,-1,-1,3" />
  <BaoXiangTips GoodsID="90022" Sex="-1" Ocuupation="-1" Type="3" Name="Trang bị hoàn hảo lam lv8" Description="龙炎、黑炎、红羽套装" Award="1000108,1,0,-1,-1,-1,3840|1000008,1,0,-1,-1,-1,3840|1000208,1,0,-1,-1,-1,3840|1000308,1,0,-1,-1,-1,3840|1000408,1,0,-1,-1,-1,3840|1000608,1,0,-1,-1,-1,3840|1000508,1,0,-1,-1,-1,43|1005108,1,0,-1,-1,-1,43|1005008,1,0,-1,-1,-1,43|1005209,1,0,-1,-1,-1,43|1005309,1,0,-1,-1,-1,3840|1010108,1,0,-1,-1,-1,3840|1010008,1,0,-1,-1,-1,3840|1010208,1,0,-1,-1,-1,3840|1010308,1,0,-1,-1,-1,3840|1010408,1,0,-1,-1,-1,3840|1010608,1,0,-1,-1,-1,3840|1010508,1,0,-1,-1,-1,43|1015108,1,0,-1,-1,-1,43|1015008,1,0,-1,-1,-1,43|1015309,1,0,-1,-1,-1,3840|1020108,1,0,-1,-1,-1,3840|1020008,1,0,-1,-1,-1,3840|1020208,1,0,-1,-1,-1,3840|1020308,1,0,-1,-1,-1,3840|1020408,1,0,-1,-1,-1,3840|1020608,1,0,-1,-1,-1,3840|1020508,1,0,-1,-1,-1,43|1025408,1,0,-1,-1,-1,43|1025508,1,0,-1,-1,-1,43|1022109,1,0,-1,-1,-1,43|1030108,1,0,-1,-1,-1,3840|1030008,1,0,-1,-1,-1,3840|1030208,1,0,-1,-1,-1,3840|1030608,1,0,-1,-1,-1,3840|1030308,1,0,-1,-1,-1,3840|1030408,1,0,-1,-1,-1,3840|1040108,1,0,-1,-1,-1,3840|1040008,1,0,-1,-1,-1,3840|1030508,1,0,-1,-1,-1,43|1040508,1,0,-1,-1,-1,43|1050108,1,0,-1,-1,-1,3840|1050008,1,0,-1,-1,-1,3840|1050208,1,0,-1,-1,-1,3840|1050308,1,0,-1,-1,-1,3840|1050408,1,0,-1,-1,-1,3840|1050608,1,0,-1,-1,-1,3840|1050508,1,0,-1,-1,-1,43" />
  <BaoXiangTips GoodsID="90023" Sex="-1" Ocuupation="-1" Type="3" Name="Trang bị hoàn hảo tím lv8" Description="龙炎、黑炎、红羽套装" Award="1000108,1,0,-1,-1,-1,16128|1000008,1,0,-1,-1,-1,16128|1000208,1,0,-1,-1,-1,16128|1000308,1,0,-1,-1,-1,16128|1000408,1,0,-1,-1,-1,16128|1000608,1,0,-1,-1,-1,16128|1000508,1,0,-1,-1,-1,235|1005108,1,0,-1,-1,-1,235|1005008,1,0,-1,-1,-1,235|1005209,1,0,-1,-1,-1,235|1005309,1,0,-1,-1,-1,16128|1010108,1,0,-1,-1,-1,16128|1010008,1,0,-1,-1,-1,16128|1010208,1,0,-1,-1,-1,16128|1010308,1,0,-1,-1,-1,16128|1010408,1,0,-1,-1,-1,16128|1010608,1,0,-1,-1,-1,16128|1010508,1,0,-1,-1,-1,235|1015108,1,0,-1,-1,-1,235|1015008,1,0,-1,-1,-1,235|1015309,1,0,-1,-1,-1,16128|1020108,1,0,-1,-1,-1,16128|1020008,1,0,-1,-1,-1,16128|1020208,1,0,-1,-1,-1,16128|1020308,1,0,-1,-1,-1,16128|1020408,1,0,-1,-1,-1,16128|1020608,1,0,-1,-1,-1,16128|1020508,1,0,-1,-1,-1,235|1025408,1,0,-1,-1,-1,235|1025508,1,0,-1,-1,-1,235|1022109,1,0,-1,-1,-1,235|1030108,1,0,-1,-1,-1,16128|1030008,1,0,-1,-1,-1,16128|1030208,1,0,-1,-1,-1,16128|1030608,1,0,-1,-1,-1,16128|1030308,1,0,-1,-1,-1,16128|1030408,1,0,-1,-1,-1,16128|1040108,1,0,-1,-1,-1,16128|1040008,1,0,-1,-1,-1,16128|1030508,1,0,-1,-1,-1,235|1040508,1,0,-1,-1,-1,235|1050108,1,0,-1,-1,-1,16128|1050008,1,0,-1,-1,-1,16128|1050208,1,0,-1,-1,-1,16128|1050308,1,0,-1,-1,-1,16128|1050408,1,0,-1,-1,-1,16128|1050608,1,0,-1,-1,-1,16128|1050508,1,0,-1,-1,-1,235" />
  <BaoXiangTips GoodsID="90024" Sex="-1" Ocuupation="-1" Type="3" Name="Trang bị hoàn hảo lục lv9" Description="斗神、玄灵、紫灵套装" Award="1000109,1,0,-1,-1,-1,768|1000009,1,0,-1,-1,-1,768|1000209,1,0,-1,-1,-1,768|1000309,1,0,-1,-1,-1,768|1000409,1,0,-1,-1,-1,768|1000609,1,0,-1,-1,-1,768|1000509,1,0,-1,-1,-1,3|1005109,1,0,-1,-1,-1,3|1005009,1,0,-1,-1,-1,3|1005204,1,0,-1,-1,-1,3|1005304,1,0,-1,-1,-1,768|1010109,1,0,-1,-1,-1,768|1010009,1,0,-1,-1,-1,768|1010209,1,0,-1,-1,-1,768|1010309,1,0,-1,-1,-1,768|1010409,1,0,-1,-1,-1,768|1010609,1,0,-1,-1,-1,768|1010509,1,0,-1,-1,-1,3|1015109,1,0,-1,-1,-1,3|1015009,1,0,-1,-1,-1,3|1015304,1,0,-1,-1,-1,768|1020109,1,0,-1,-1,-1,768|1020009,1,0,-1,-1,-1,768|1020209,1,0,-1,-1,-1,768|1020309,1,0,-1,-1,-1,768|1020409,1,0,-1,-1,-1,768|1020609,1,0,-1,-1,-1,768|1020509,1,0,-1,-1,-1,3|1025409,1,0,-1,-1,-1,3|1025509,1,0,-1,-1,-1,3|1022104,1,0,-1,-1,-1,3|1030109,1,0,-1,-1,-1,768|1030009,1,0,-1,-1,-1,768|1030209,1,0,-1,-1,-1,768|1030609,1,0,-1,-1,-1,768|1030309,1,0,-1,-1,-1,768|1030409,1,0,-1,-1,-1,768|1040109,1,0,-1,-1,-1,768|1040009,1,0,-1,-1,-1,768|1030509,1,0,-1,-1,-1,3|1040509,1,0,-1,-1,-1,3|1050109,1,0,-1,-1,-1,768|1050009,1,0,-1,-1,-1,768|1050209,1,0,-1,-1,-1,768|1050309,1,0,-1,-1,-1,768|1050409,1,0,-1,-1,-1,768|1050609,1,0,-1,-1,-1,768|1050509,1,0,-1,-1,-1,3" />
  <BaoXiangTips GoodsID="90025" Sex="-1" Ocuupation="-1" Type="3" Name="Trang bị hoàn hảo lam lv9" Description="斗神、玄灵、紫灵套装" Award="1000109,1,0,-1,-1,-1,3840|1000009,1,0,-1,-1,-1,3840|1000209,1,0,-1,-1,-1,3840|1000309,1,0,-1,-1,-1,3840|1000409,1,0,-1,-1,-1,3840|1000609,1,0,-1,-1,-1,3840|1000509,1,0,-1,-1,-1,43|1005109,1,0,-1,-1,-1,43|1005009,1,0,-1,-1,-1,43|1005204,1,0,-1,-1,-1,43|1005304,1,0,-1,-1,-1,3840|1010109,1,0,-1,-1,-1,3840|1010009,1,0,-1,-1,-1,3840|1010209,1,0,-1,-1,-1,3840|1010309,1,0,-1,-1,-1,3840|1010409,1,0,-1,-1,-1,3840|1010609,1,0,-1,-1,-1,3840|1010509,1,0,-1,-1,-1,43|1015109,1,0,-1,-1,-1,43|1015009,1,0,-1,-1,-1,43|1015304,1,0,-1,-1,-1,3840|1020109,1,0,-1,-1,-1,3840|1020009,1,0,-1,-1,-1,3840|1020209,1,0,-1,-1,-1,3840|1020309,1,0,-1,-1,-1,3840|1020409,1,0,-1,-1,-1,3840|1020609,1,0,-1,-1,-1,3840|1020509,1,0,-1,-1,-1,43|1025409,1,0,-1,-1,-1,43|1025509,1,0,-1,-1,-1,43|1022104,1,0,-1,-1,-1,43|1030109,1,0,-1,-1,-1,3840|1030009,1,0,-1,-1,-1,3840|1030209,1,0,-1,-1,-1,3840|1030609,1,0,-1,-1,-1,3840|1030309,1,0,-1,-1,-1,3840|1030409,1,0,-1,-1,-1,3840|1040109,1,0,-1,-1,-1,3840|1040009,1,0,-1,-1,-1,3840|1030509,1,0,-1,-1,-1,43|1040509,1,0,-1,-1,-1,43|1050109,1,0,-1,-1,-1,3840|1050009,1,0,-1,-1,-1,3840|1050209,1,0,-1,-1,-1,3840|1050309,1,0,-1,-1,-1,3840|1050409,1,0,-1,-1,-1,3840|1050609,1,0,-1,-1,-1,3840|1050509,1,0,-1,-1,-1,43" />
  <BaoXiangTips GoodsID="90026" Sex="-1" Ocuupation="-1" Type="3" Name="Trang bị hoàn hảo tím lv9" Description="斗神、玄灵、紫灵套装" Award="1000109,1,0,-1,-1,-1,16128|1000009,1,0,-1,-1,-1,16128|1000209,1,0,-1,-1,-1,16128|1000309,1,0,-1,-1,-1,16128|1000409,1,0,-1,-1,-1,16128|1000609,1,0,-1,-1,-1,16128|1000509,1,0,-1,-1,-1,235|1005109,1,0,-1,-1,-1,235|1005009,1,0,-1,-1,-1,235|1005204,1,0,-1,-1,-1,235|1005304,1,0,-1,-1,-1,16128|1010109,1,0,-1,-1,-1,16128|1010009,1,0,-1,-1,-1,16128|1010209,1,0,-1,-1,-1,16128|1010309,1,0,-1,-1,-1,16128|1010409,1,0,-1,-1,-1,16128|1010609,1,0,-1,-1,-1,16128|1010509,1,0,-1,-1,-1,235|1015109,1,0,-1,-1,-1,235|1015009,1,0,-1,-1,-1,235|1015304,1,0,-1,-1,-1,16128|1020109,1,0,-1,-1,-1,16128|1020009,1,0,-1,-1,-1,16128|1020209,1,0,-1,-1,-1,16128|1020309,1,0,-1,-1,-1,16128|1020409,1,0,-1,-1,-1,16128|1020609,1,0,-1,-1,-1,16128|1020509,1,0,-1,-1,-1,235|1025409,1,0,-1,-1,-1,235|1025509,1,0,-1,-1,-1,235|1022104,1,0,-1,-1,-1,235|1030109,1,0,-1,-1,-1,16128|1030009,1,0,-1,-1,-1,16128|1030209,1,0,-1,-1,-1,16128|1030609,1,0,-1,-1,-1,16128|1030309,1,0,-1,-1,-1,16128|1030409,1,0,-1,-1,-1,16128|1040109,1,0,-1,-1,-1,16128|1040009,1,0,-1,-1,-1,16128|1030509,1,0,-1,-1,-1,235|1040509,1,0,-1,-1,-1,235|1050109,1,0,-1,-1,-1,16128|1050009,1,0,-1,-1,-1,16128|1050209,1,0,-1,-1,-1,16128|1050309,1,0,-1,-1,-1,16128|1050409,1,0,-1,-1,-1,16128|1050609,1,0,-1,-1,-1,16128|1050509,1,0,-1,-1,-1,235" />
  <BaoXiangTips GoodsID="30151490" Sex="-1" Ocuupation="-1" Type="2" Name="Rương Xuân" Description="春日宝箱" Award="14000064" />
  <BaoXiangTips GoodsID="30151512" Sex="-1" Ocuupation="-1" Type="2" Name="Rương Mê Huyễn" Description="迷幻宝箱" Award="14000069" />
  <BaoXiangTips GoodsID="30151489" Sex="-1" Ocuupation="-1" Type="2" Name="Rương Noãn Tim" Description="暖心宝箱" Award="14000063" />

  <BaoXiangTips GoodsID="30151501" Sex="-1" Ocuupation="-1" Type="2" Name="Túi Đón Phiên Bản Mới" Description="新版礼包" Award="14000067" />
  <BaoXiangTips GoodsID="30151502" Sex="-1" Ocuupation="-1" Type="2" Name="Túi Sinh Mệnh" Description="生命礼包" Award="14000068" />
  <BaoXiangTips GoodsID="30151488" Sex="-1" Ocuupation="-1" Type="2" Name="Rương Phong Quang" Description="风光宝箱" Award="14000062" />

  <BaoXiangTips GoodsID="30151368" Sex="-1" Ocuupation="-1" Type="2" Name="Rương Chiến Tranh" Description="战争宝箱" Award="14000042" />
  <BaoXiangTips GoodsID="30151476" Sex="-1" Ocuupation="-1" Type="2" Name="Quà Pháp Luân" Description="法轮礼包" Award="14000058" />
  <BaoXiangTips GoodsID="30151452" Sex="-1" Ocuupation="-1" Type="2" Name="Rương Bong Bóng" Description="泡泡宝箱" Award="14000054" />

  <BaoXiangTips GoodsID="30151310" Sex="-1" Ocuupation="-1" Type="2" Name="Linh Hồn Băng Hậu" Description="冰后魂匣" Award="14000036" />
  <BaoXiangTips GoodsID="30151371" Sex="-1" Ocuupation="-1" Type="2" Name="Rương Hồn Cốt Lâu Vương" Description="骷髅王魂匣" Award="14000043" />
  <BaoXiangTips GoodsID="30151443" Sex="-1" Ocuupation="-1" Type="2" Name="Rương Mê Hoặc" Description="魅惑宝箱" Award="14000052" />

  <BaoXiangTips GoodsID="30151496" Sex="-1" Ocuupation="-1" Type="2" Name="Túi Trang Sức Ngẫu Nhiên" Description="饰品随机包" Award="14000065" />
  <BaoXiangTips GoodsID="30151500" Sex="-1" Ocuupation="-1" Type="2" Name="Túi Cánh Ngẫu Nhiên" Description="随机翅膀包" Award="14000066" /> 
  --> 

  



</Config>"
