TextAsset Base
	string m_Name = "DuanWeiRankAward"
	string m_Script = "<?xml version="1.0" encoding="utf-8"?>
<Config>
  <Award ID="1" StarRank="1" EndRank="1" Award="5150,30,1,0,0,0,0|50055,60,1,0,0,0,0|30151863,1000,1,0,0,0,0|2020,3,1,0,0,0,0||30151864,10,1,0,0,0,0" />
  <Award ID="2" StarRank="2" EndRank="2" Award="5150,20,1,0,0,0,0|50055,50,1,0,0,0,0|30151863,800,1,0,0,0,0|2020,3,1,0,0,0,0||30151864,9,1,0,0,0,0" />
  <Award ID="3" StarRank="3" EndRank="3" Award="5150,18,1,0,0,0,0|50055,45,1,0,0,0,0|30151863,700,1,0,0,0,0|2020,2,1,0,0,0,0||30151864,8,1,0,0,0,0" />
  <Award ID="4" StarRank="4" EndRank="6" Award="5150,16,1,0,0,0,0|50055,42,1,0,0,0,0|30151863,600,1,0,0,0,0|2020,2,1,0,0,0,0||30151864,7,1,0,0,0,0" />
  <Award ID="5" StarRank="7" EndRank="10" Award="5150,14,1,0,0,0,0|50055,39,1,0,0,0,0|30151863,500,1,0,0,0,0|2020,2,1,0,0,0,0||30151864,6,1,0,0,0,0" />
  <Award ID="6" StarRank="11" EndRank="20" Award="5150,12,1,0,0,0,0|50055,36,1,0,0,0,0|30151863,400,1,0,0,0,0|2020,1,1,0,0,0,0||30151864,5,1,0,0,0,0" />
  <Award ID="7" StarRank="21" EndRank="32" Award="5150,10,1,0,0,0,0|50055,33,1,0,0,0,0|30151863,330,1,0,0,0,0|2020,1,1,0,0,0,0||30151864,4,1,0,0,0,0" />
  <Award ID="8" StarRank="33" EndRank="50" Award="5150,10,1,0,0,0,0|50055,33,1,0,0,0,0|30151863,303,1,0,0,0,0|2020,1,1,0,0,0,0" />
  <Award ID="9" StarRank="51" EndRank="100" Award="5150,9,1,0,0,0,0|50055,30,1,0,0,0,0|30151863,300,1,0,0,0,0|2020,1,1,0,0,0,0" />
  <Award ID="10" StarRank="101" EndRank="200" Award="5150,8,1,0,0,0,0|50055,27,1,0,0,0,0|30151863,270,1,0,0,0,0|2020,1,1,0,0,0,0" />
  <Award ID="11" StarRank="201" EndRank="500" Award="5150,7,1,0,0,0,0|50055,24,1,0,0,0,0|30151863,240,1,0,0,0,0|2020,1,1,0,0,0,0" />
  <Award ID="12" StarRank="501" EndRank="1000" Award="5150,6,1,0,0,0,0|50055,22,1,0,0,0,0|30151863,220,1,0,0,0,0|2017,80,1,0,0,0,0" />
  <Award ID="13" StarRank="1001" EndRank="2000" Award="5150,5,1,0,0,0,0|50055,20,1,0,0,0,0|30151863,200,1,0,0,0,0|2017,70,1,0,0,0,0" />
  <Award ID="14" StarRank="2001" EndRank="5000" Award="5150,4,1,0,0,0,0|50055,18,1,0,0,0,0|30151863,180,1,0,0,0,0|2017,60,1,0,0,0,0" />
  <Award ID="15" StarRank="5001" EndRank="10000" Award="5150,3,1,0,0,0,0|50055,16,1,0,0,0,0|30151863,160,1,0,0,0,0|2017,50,1,0,0,0,0" />
  <Award ID="16" StarRank="10001" EndRank="20000" Award="5150,2,1,0,0,0,0|50055,14,1,0,0,0,0|30151863,140,1,0,0,0,0|2017,40,1,0,0,0,0" />
  <Award ID="17" StarRank="20001" EndRank="50000" Award="5150,1,1,0,0,0,0|50055,12,1,0,0,0,0|30151863,120,1,0,0,0,0|2017,30,1,0,0,0,0" />
  <Award ID="18" StarRank="50001" EndRank="-1" Award="5150,1,1,0,0,0,0|50055,10,1,0,0,0,0|30151863,100,1,0,0,0,0|2017,20,1,0,0,0,0" />
</Config>"
