TextAsset Base
	string m_Name = "GoodsPack"
	string m_Script = "<?xml version="1.0" encoding="utf-8"?>
<config>
  <Goods ID="100" Item="4031,1,1,0,0,0,0|5044,1,1,0,0,0,0|50304,1,1,0,0,0,0" />
  <Goods ID="101" Item="2016,50,1,0,0,0,0|2017,50,1,0,0,0,0" />
  <Goods ID="102" Item="5031,5,1,0,0,0,0" />
  <Goods ID="103" Item="5041,5,1,0,0,0,0" />
  <Goods ID="104" Item="5043,5,1,0,0,0,0" />
  <Goods ID="200" Item="2060,2,1,0,0,0,0|6000,1,1,0,0,0,0|6003,1,1,0,0,0,0" />
  <Goods ID="201" Item="2061,2,1,0,0,0,0|5050,1,1,0,0,0,0" />
  <Goods ID="202" Item="2062,2,1,0,0,0,0|2003,4,1,0,0,0,0" />
  <Goods ID="203" Item="2063,2,1,0,0,0,0|2016,10,1,0,0,0,0" />
  <Goods ID="204" Item="2030,2,1,0,0,0,0|2017,5,1,0,0,0,0|50161,1,1,0,0,0,0" />
  <Goods ID="300" Item="50017,1,1,0,0,0,0|50303,1,1,0,0,0,0|63049,1,1,0,0,0,0" />
  <Goods ID="301" Item="50017,2,1,0,0,0,0|50303,1,1,0,0,0,0|63049,1,1,0,0,0,0" />
  <Goods ID="302" Item="50017,3,1,0,0,0,0|50303,2,1,0,0,0,0|63049,2,1,0,0,0,0" />
  <Goods ID="303" Item="50017,4,1,0,0,0,0|50303,2,1,0,0,0,0|63049,2,1,0,0,0,0" />
  <Goods ID="304" Item="50017,5,1,0,0,0,0|50303,4,1,0,0,0,0|63049,4,1,0,0,0,0|4041,1,1,0,0,0,0" />
  <Goods ID="400" Item="5110,5,1,0,0,0,0|5120,5,1,0,0,0,0|2017,5,1,0,0,0,0|2030,5,1,0,0,0,0|5031,1,1,0,0,0,0|5041,1,1,0,0,0,0" />
  <Goods ID="500" Item="2017,10,1,0,0,0,0" />
  <Goods ID="501" Item="2002,2,1,0,0,0,0" />
  <Goods ID="502" Item="2030,10,1,0,0,0,0" />
  <Goods ID="503" Item="2001,10,1,0,0,0,0|2002,10,1,0,0,0,0|2000,10,1,0,0,0,0" />
  <Goods ID="504" Item="5041,1,1,0,0,0,0|2017,5,1,0,0,0,0|5050,5,1,0,0,0,0|5120,5,1,0,0,0,0|5110,5,1,0,0,0,0" />
  <Goods ID="505" Item="5031,1,1,0,0,0,0|2017,5,1,0,0,0,0|5088,5,1,0,0,0,0|2030,5,1,0,0,0,0|2003,5,1,0,0,0,0" />
  <Goods ID="506" Item="6055,10,1,0,0,0,0" />
  <Goods ID="507" Item="5041,1,1,0,0,0,0|2017,5,1,0,0,0,0|5050,5,1,0,0,0,0|5120,5,1,0,0,0,0|5110,5,1,0,0,0,0" />
  <Goods ID="508" Item="5031,1,1,0,0,0,0|2017,5,1,0,0,0,0|5088,5,1,0,0,0,0|2030,5,1,0,0,0,0|2003,5,1,0,0,0,0" />
  <Goods ID="509" Item="51028,1,1,0,0,0,0|5120,30,1,0,0,0,0" />
  <Goods ID="600" Item="2001,10,1,0,0,0,0" />
  <Goods ID="601" Item="2002,10,1,0,0,0,0" />
  <Goods ID="602" Item="2003,10,1,0,0,0,0" />
  <Goods ID="603" Item="5190,1,1,0,0,0,0" />
  <Goods ID="604" Item="2032,25,1,0,0,0,0" />
  <Goods ID="605" Item="2100,99,1,0,0,0,0" />
  <Goods ID="606" Item="5110,25,1,0,0,0,0" />
  <Goods ID="607" Item="5088,20,1,0,0,0,0|5050,20,1,0,0,0,0" />
  <Goods ID="608" Item="6055,10,1,0,0,0,0" />
  <Goods ID="609" Item="2001,2,1,0,0,0,0" />
  <Goods ID="701" Item="63064,3,1,0,0,0,0" />
  <Goods ID="702" Item="63063,1,1,0,0,0,0" />
  <Goods ID="703" Item="2001,1,1,0,0,0,0|2002,1,1,0,0,0,0|2000,1,1,0,0,0,0|2004,1,1,0,0,0,0|2030,1,1,0,0,0,0|2003,1,1,0,0,0,0|2005,1,1,0,0,0,0" />
  <Goods ID="704" Item="5160,20,1,0,0,0,0" />
  <Goods ID="705" Item="2018,1,1,0,0,0,0|2019,1,1,0,0,0,0|2017,1,1,0,0,0,0" />
  <Goods ID="706" Item="2020,1,1,0,0,0,0|2018,1,1,0,0,0,0|2019,1,1,0,0,0,0" />
  <Goods ID="707" Item="2033,2,1,0,0,0,0|2034,1,1,0,0,0,0" />
  <Goods ID="708" Item="5223,1,1,0,0,0,0|5251,5,1,0,0,0,0|63120,5,1,0,0,0,0|2005,5,1,0,0,0,0|5133,5,1,0,0,0,0|2110,5,1,0,0,0,0" />
  <Goods ID="709" Item="2070,1,1,0,0,0,0|2071,1,1,0,0,0,0|2072,1,1,0,0,0,0|2073,1,1,0,0,0,0|2074,1,1,0,0,0,0|2075,1,1,0,0,0,0|2076,1,1,0,0,0,0|2077,1,1,0,0,0,0|2078,1,1,0,0,0,0|2079,1,1,0,0,0,0|2080,1,1,0,0,0,0|2081,1,1,0,0,0,0" />
  <Goods ID="710" Item="4041,1,1,0,0,0,0|63173,1,1,0,0,0,0" />
  <Goods ID="711" Item="63169,1,1,0,0,0,0|2103,88,1,0,0,0,0" />
  <Goods ID="712" Item="4041,1,1,0,0,0,0|63158,1,1,0,0,0,0" />
  <Goods ID="713" Item="2001,88,1,0,0,0,0|2002,88,1,0,0,0,0|2003,88,1,0,0,0,0" />
  <Goods ID="714" Item="63150,1,1,0,0,0,0|50163,1,1,0,0,0,0" />
  <Goods ID="715" Item="63150,1,1,0,0,0,0|2005,18,1,0,0,0,0" />
  <Goods ID="716" Item="2104,58,1,0,0,0,0|2103,88,1,0,0,0,0" />
  <Goods ID="717" Item="63156,1,1,0,0,0,0|2005,18,1,0,0,0,0" />
  <Goods ID="718" Item="2103,20,1,0,0,0,0|5310,5,1,0,0,0,0" />
  <Goods ID="719" Item="2101,25,1,0,0,0,0" />
  <Goods ID="720" Item="51382,3,1,0,0,0,0" />
  <Goods ID="721" Item="51382,9,1,0,0,0,0" />
  <Goods ID="722" Item="51382,18,1,0,0,0,0" />
  <Goods ID="723" Item="51382,36,1,0,0,0,0" />
  <Goods ID="724" Item="2103,200,1,0,0,0,0" />
  <Goods ID="725" Item="2104,100,1,0,0,0,0" />
  <Goods ID="726" Item="63120,8,1,0,0,0,0" />
  <Goods ID="727" Item="951000,100,1,0,0,0,0" />
  <Goods ID="728" Item="951001,100,1,0,0,0,0" />
  <Goods ID="729" Item="951002,100,1,0,0,0,0" />
  <Goods ID="730" Item="951003,100,1,0,0,0,0" />
  <Goods ID="731" Item="951004,100,1,0,0,0,0" />
  <Goods ID="732" Item="951005,100,1,0,0,0,0" />
  <Goods ID="733" Item="951006,100,1,0,0,0,0" />
  <Goods ID="734" Item="951007,100,1,0,0,0,0" />
  <Goods ID="735" Item="5220,20,1,0,0,0,0" />
  <Goods ID="736" Item="5270,20,1,0,0,0,0" />
  <Goods ID="737" Item="5041,5,1,0,0,0,0" />
  <Goods ID="738" Item="2017,2,1,0,0,0,0" />
  <Goods ID="739" Item="2017,8,1,0,0,0,0" />
  <Goods ID="740" Item="2017,25,1,0,0,0,0" />
  <Goods ID="741" Item="2016,10,1,0,0,0,0" />
  <Goods ID="742" Item="2016,30,1,0,0,0,0" />
  <Goods ID="743" Item="2016,100,1,0,0,0,0" />
  <Goods ID="744" Item="2104,3,1,0,0,0,0" />
  <Goods ID="745" Item="2104,10,1,0,0,0,0" />
  <Goods ID="746" Item="5336,3,1,0,0,0,0" />
  <Goods ID="747" Item="5336,10,1,0,0,0,0" />
  <Goods ID="748" Item="2103,2,1,0,0,0,0" />
  <Goods ID="749" Item="2103,8,1,0,0,0,0" />
  <Goods ID="750" Item="2103,25,1,0,0,0,0" />
  <Goods ID="751" Item="63309,2,1,0,0,0,0" />
  <Goods ID="752" Item="63310,2,1,0,0,0,0" />
  <Goods ID="753" Item="63194,2,1,0,0,0,0" />
  <Goods ID="754" Item="63179,2,1,0,0,0,0" /> 
  <Goods ID="755" Item="2142,20,1,0,0,0,0" />
  <Goods ID="756" Item="2143,10,1,0,0,0,0" />  
  <Goods ID="757" Item="2108,15,1,0,0,0,0|2109,5,1,0,0,0,0" />  
  <Goods ID="758" Item="2800000,100,1,0,0,0,0" />  
  <Goods ID="759" Item="999003,20,1,0,0,0,0" />  
  <Goods ID="760" Item="52061,2,1,0,0,0,0" />  
  <Goods ID="761" Item="52061,5,1,0,0,0,0" />  
  <Goods ID="762" Item="5571,10,1,0,0,0,0" />
  <Goods ID="763" Item="5571,50,1,0,0,0,0" />
  <Goods ID="764" Item="5571,100,1,0,0,0,0" />
  <Goods ID="765" Item="5572,10,1,0,0,0,0" />
  <Goods ID="766" Item="5572,50,1,0,0,0,0" />
  <Goods ID="767" Item="5572,100,1,0,0,0,0" />
  <Goods ID="768" Item="5573,10,1,0,0,0,0" />
  <Goods ID="769" Item="5573,50,1,0,0,0,0" />
  <Goods ID="770" Item="5573,100,1,0,0,0,0" />
  <Goods ID="771" Item="5574,10,1,0,0,0,0" />
  <Goods ID="772" Item="5574,50,1,0,0,0,0" />
  <Goods ID="773" Item="5574,100,1,0,0,0,0" />
  <Goods ID="774" Item="64022,100,1,0,0,0,0" />
  <Goods ID="775" Item="64022,1000,1,0,0,0,0" />
  <Goods ID="776" Item="64022,10000,1,0,0,0,0" />
  <Goods ID="777" Item="64022,20000,1,0,0,0,0" />
  <Goods ID="778" Item="64022,100000,1,0,0,0,0" />
  <Goods ID="779" Item="5570,10,1,0,0,0,0" />
  <Goods ID="780" Item="5570,50,1,0,0,0,0" />
  <Goods ID="781" Item="5570,100,1,0,0,0,0" />
  <Goods ID="782" Item="23007,7,1,0,0,0,0|23008,3,1,0,0,0,0|23009,1,1,0,0,0,0|23015,1,1,0,0,0,0" />
  <Goods ID="783" Item="23004,3,1,0,0,0,0|23005,1,1,0,0,0,0|23006,1,1,0,0,0,0|23014,1,1,0,0,0,0" />
  <Goods ID="784" Item="23001,7,1,0,0,0,0|23002,2,1,0,0,0,0|23003,1,1,0,0,0,0|23013,1,1,0,0,0,0" />
  <Goods ID="785" Item="23010,7,1,0,0,0,0|23011,5,1,0,0,0,0|23012,2,1,0,0,0,0|23016,1,1,0,0,0,0" />
  <Goods ID="1400001" Item="63219,1,1,0,0,0,0|50305,2,1,0,0,0,0|63262,18,1,0,0,0,0|63328,68,1,0,0,0,0|63318,18,1,0,0,0,0|63319,8,1,0,0,0,0|2102,18,1,0,0,0,0|63269,1088,1,0,0,0,0|50017,204,1,0,0,0,0|63327,28,1,0,0,0,0|5352,68,1,0,0,0,0|63194,6,1,0,0,0,0|5501,30,1,0,0,0,0|63354,2,1,0,0,0,0|51275,330,1,0,0,0,0|63165,2188,1,0,0,0,0|2300,588,1,0,0,0,0|63265,38,1,0,0,0,0|2140,368,1,0,0,0,0|2141,68,1,0,0,0,0|63394,1,1,0,0,0,0|2037,888,1,0,0,0,0|63235,3,1,0,0,0,0|63326,588,1,0,0,0,0|4405,10,1,0,0,0,0|5570,188,1,0,0,0,0|63241,288,1,0,0,0,0|2110,18,1,0,0,0,0|2111,18,1,0,0,0,0|5282,108,1,0,0,0,0|7007,2688,1,0,0,0,0|2018,20,1,0,0,0,0|2020,5,1,0,0,0,0|2005,28,1,0,0,0,0" />  
  <Goods ID="1400002" Item="50305,35,1,0,0,0,0|5380,50,1,0,0,0,0|2001,188,1,0,0,0,0|2002,188,1,0,0,0,0|2003,188,1,0,0,0,0|2030,188,1,0,0,0,0|63345,1,1,0,0,0,0|5360,56,1,0,0,0,0|2203,36,1,0,0,0,0|2200,258,1,0,0,0,0|2017,1388,1,0,0,0,0|2016,1188,1,0,0,0,0|5050,3276,1,0,0,0,0|50017,1956,1,0,0,0,0|2100,1088,1,0,0,0,0|5031,78,1,0,0,0,0|5041,78,1,0,0,0,0|5160,588,1,0,0,0,0|2032,108,1,0,0,0,0|7050,8888,1,0,0,0,0|5120,900,1,0,0,0,0|51280,12,1,0,0,0,0|5313,188,1,0,0,0,0|7007,2288,1,0,0,0,0|7050,8888,1,0,0,0,0|5250,688,1,0,0,0,0|2005,28,1,0,0,0,0|63210,1,1,0,0,0,0|5284,88,1,0,0,0,0|5271,58,1,0,0,0,0|2101,288,1,0,0,0,0|2201,258,1,0,0,0,0|5331,88,1,0,0,0,0|5110,188,1,0,0,0,0|5220,188,1,0,0,0,0|2034,188,1,0,0,0,0|2033,388,1,0,0,0,0" />  
  <Goods ID="786" Item="5501,30,1,0,0,0,0|2044,1,1,0,0,0,0" /> 
  <Goods ID="787" Item="52202,2,1,0,0,0,0" />
  <Goods ID="788" Item="52202,5,1,0,0,0,0" />
  <Goods ID="789" Item="52202,100,1,0,0,0,0" />
  <Goods ID="790" Item="52230,2,1,0,0,0,0" />
  <Goods ID="791" Item="52230,5,1,0,0,0,0" />
  <Goods ID="792" Item="52230,100,1,0,0,0,0" />
  <Goods ID="793" Item="51382,5,1,0,0,0,0" />
  <Goods ID="794" Item="8604,10,1,0,0,0,0" />
  <Goods ID="795" Item="38000,10,1,0,0,0,0" />
  <Goods ID="796" Item="51382,10,1,0,0,0,0" />
  <Goods ID="797" Item="8604,30,1,0,0,0,0" />
  <Goods ID="798" Item="38000,20,1,0,0,0,0" />
  <Goods ID="799" Item="51405,1,1,0,0,0,0" />
  <Goods ID="800" Item="51382,20,1,0,0,0,0" />
  <Goods ID="801" Item="8604,50,1,0,0,0,0" />
  <Goods ID="802" Item="38000,40,1,0,0,0,0" />
  <Goods ID="803" Item="52262,5,1,0,0,0,0" />
  <Goods ID="804" Item="52262,10,1,0,0,0,0" />
  <Goods ID="805" Item="52262,20,1,0,0,0,0" />
  <Goods ID="806" Item="52262,100,1,0,0,0,0" />
  <Goods ID="807" Item="38011,3,1,0,0,0,0" />
  <Goods ID="808" Item="38011,20,1,0,0,0,0" />
  <Goods ID="809" Item="8633,2,1,0,0,0,0|8634,1,1,0,0,0,0" />
  <Goods ID="810" Item="8630,10,1,0,0,0,0|8631,3,1,0,0,0,0|8632,1,1,0,0,0,0" />
  <Goods ID="1000" Item="50163,1,1,0,0,0,0" />
  <Goods ID="1001" Item="50163,1,1,0,0,0,0|7004,5,1,0,0,0,0" />
  <Goods ID="1002" Item="50163,2,1,0,0,0,0" />
  <Goods ID="1003" Item="50163,2,1,0,0,0,0|7004,5,1,0,0,0,0" />
  <Goods ID="1004" Item="50020,5,1,0,0,0,0|101510971,1,1,0,0,0,0" />
  <Goods ID="1005" Item="101510978,1,1,0,0,0,0|5120,30,1,0,0,0,0" />
  <Goods ID="1006" Item="5031,1,1,0,0,0,0|5041,1,1,0,0,0,0" />
  <Goods ID="1007" Item="101510985,1,1,0,0,0,0|5120,30,1,0,0,0,0" />  
  <Goods ID="1008" Item="50163,1,1,0,0,0,0|63035,1,1,0,0,0,0|4030,2,1,0,0,0,0|2017,20,1,0,0,0,0" />  
  <Goods ID="1009" Item="101510992,1,1,0,0,0,0|5120,30,1,0,0,0,0" />
  <Goods ID="1010" Item="5088,50,1,0,0,0,0|5050,50,1,0,0,0,0" />
  <Goods ID="1011" Item="101511001,1,1,0,0,0,0|5120,30,1,0,0,0,0" />
  <Goods ID="1012" Item="101511004,1,1,0,0,0,0|5120,30,1,0,0,0,0" />
  <Goods ID="1013" Item="2005,1,1,0,0,0,0|2002,10,1,0,0,0,0|50016,10,1,0,0,0,0" />
  <Goods ID="1014" Item="5120,30,1,0,0,0,0|101511018,1,1,0,0,0,0" />
  <Goods ID="1015" Item="5120,30,1,0,0,0,0|5200,5,1,0,0,0,0" />
  <Goods ID="30001" Item="2032,50,1,0,0,0,0|5160,50,1,0,0,0,0" />
  <Goods ID="30002" Item="30151104,1,1,0,0,0,0|5120,50,1,0,0,0,0" />
  <Goods ID="30003" Item="2032,25,1,0,0,0,0" />
  <Goods ID="30004" Item="50020,5,1,0,0,0,0" />
  <Goods ID="30005" Item="1030909,1,1,0,0,0,11272192|1030905,1,1,0,0,0,11272192|1030914,1,1,0,0,0,2883584|1030913,1,1,0,0,0,3407872" />
  <Goods ID="30006" Item="2032,25,1,0,0,0,0|5160,50,1,0,0,0,0" />
  <Goods ID="30007" Item="7005,1,1,0,0,0,0|5120,30,1,0,0,0,0" />
  <Goods ID="30008" Item="50020,5,1,0,0,0,0" />
  <Goods ID="30009" Item="2020,1,1,0,0,0,0|5220,20,1,0,0,0,0|2017,50,1,0,0,0,0|2100,50,1,0,0,0,0|2003,100,1,0,0,0,0" />
  <Goods ID="1400001" Item="63219,1,1,0,0,0,0|50305,2,1,0,0,0,0|63262,18,1,0,0,0,0|63328,68,1,0,0,0,0|63318,18,1,0,0,0,0|63319,8,1,0,0,0,0|2102,18,1,0,0,0,0|63269,1088,1,0,0,0,0|50017,204,1,0,0,0,0|63327,28,1,0,0,0,0|5352,68,1,0,0,0,0|63194,6,1,0,0,0,0|5501,30,1,0,0,0,0|63354,2,1,0,0,0,0|51275,330,1,0,0,0,0|63165,2188,1,0,0,0,0|2300,588,1,0,0,0,0|63265,38,1,0,0,0,0|2140,368,1,0,0,0,0|2141,68,1,0,0,0,0|63394,1,1,0,0,0,0|2037,888,1,0,0,0,0|63235,3,1,0,0,0,0|63326,588,1,0,0,0,0|4405,10,1,0,0,0,0|5570,188,1,0,0,0,0|63241,288,1,0,0,0,0|2110,18,1,0,0,0,0|2111,18,1,0,0,0,0|5282,108,1,0,0,0,0|7007,2688,1,0,0,0,0|2018,20,1,0,0,0,0|2020,5,1,0,0,0,0|2005,28,1,0,0,0,0" />  
  <Goods ID="1400002" Item="50305,35,1,0,0,0,0|5380,50,1,0,0,0,0|2001,188,1,0,0,0,0|2002,188,1,0,0,0,0|2003,188,1,0,0,0,0|2030,188,1,0,0,0,0|63345,1,1,0,0,0,0|5360,56,1,0,0,0,0|2203,36,1,0,0,0,0|2200,258,1,0,0,0,0|2017,1388,1,0,0,0,0|2016,1188,1,0,0,0,0|5050,3276,1,0,0,0,0|50017,1956,1,0,0,0,0|2100,1088,1,0,0,0,0|5031,78,1,0,0,0,0|5041,78,1,0,0,0,0|5160,588,1,0,0,0,0|2032,108,1,0,0,0,0|7050,8888,1,0,0,0,0|5120,900,1,0,0,0,0|51280,12,1,0,0,0,0|5313,188,1,0,0,0,0|7007,2288,1,0,0,0,0|7050,8888,1,0,0,0,0|5250,688,1,0,0,0,0|2005,28,1,0,0,0,0|63210,1,1,0,0,0,0|5284,88,1,0,0,0,0|5271,58,1,0,0,0,0|2101,288,1,0,0,0,0|2201,258,1,0,0,0,0|5331,88,1,0,0,0,0|5110,188,1,0,0,0,0|5220,188,1,0,0,0,0|2034,188,1,0,0,0,0|2033,388,1,0,0,0,0" />  
  <Goods ID="30151224" Item="50160,5,1,0,0,0,0|2100,100,1,0,0,0,0|7050,200,1,0,0,0,0|5220,50,1,0,0,0,0" />
  <Goods ID="30151225" Item="50160,1,1,0,0,0,0" />
  <Goods ID="30151226" Item="50160,1,1,0,0,0,0" />
  <Goods ID="30151227" Item="5250,20,1,0,0,0,0" />
  <Goods ID="30151228" Item="30151194,2,1,0,0,0,0|30151230,5,1,0,0,0,0" />
  <Goods ID="30151229" Item="5251,10,1,0,0,0,0|7050,100,1,0,0,0,0|30151231,1,1,0,0,0,0" />
  <Goods ID="30151230" Item="5041,20,1,0,0,0,0|5031,20,1,0,0,0,0" />
  <Goods ID="30151231" Item="30151242,1,1,0,0,0,0|30151231,1,1,0,0,0,0" />
  <Goods ID="30151232" Item="2005,10,1,0,0,0,0|7050,100,1,0,0,0,0" />
  <Goods ID="30151233" Item="30151249,1,1,0,0,0,0" />
  <Goods ID="30151234" Item="5271,10,1,0,0,0,0|7050,100,1,0,0,0,0" />
  <Goods ID="30151235" Item="30151263,1,1,0,0,0,0|30151257,1,1,0,0,0,0" />
  <Goods ID="30151236" Item="5271,10,1,0,0,0,0|7050,200,1,0,0,0,0" />
  <Goods ID="30151237" Item="30151270,1,1,0,0,0,0|30151257,1,1,0,0,0,0" />
  <Goods ID="30151238" Item="5251,15,1,0,0,0,0|5220,50,1,0,0,0,0" />
  <Goods ID="30151239" Item="30151279,1,1,0,0,0,0" />
  <Goods ID="30151240" Item="5271,15,1,0,0,0,0|5220,50,1,0,0,0,0" />
  <Goods ID="30151241" Item="302712115,1,1,0,0,0,0|2100,2,1,0,0,0,0" />
  <Goods ID="30151242" Item="302712116,1,1,0,0,0,0|7050,200,1,0,0,0,0" />
  <Goods ID="30151243" Item="302712117,1,1,0,0,0,0|5250,30,1,0,0,0,0" />
  <Goods ID="30151244" Item="302712118,1,1,0,0,0,0|2020,1,1,0,0,0,0" />
  <Goods ID="30151245" Item="302712114,1,1,0,0,0,0|5251,50,1,0,0,0,0|5271,20,1,0,0,0,0" />
  <Goods ID="30151246" Item="5271,10,1,0,0,0,0" />
  <Goods ID="30151247" Item="5133,2,1,0,0,0,0" />
  <Goods ID="30151248" Item="2005,10,1,0,0,0,0" />
  <Goods ID="30151249" Item="30151296,1,1,0,0,0,0|30151290,1,1,0,0,0,0" />
  <Goods ID="30151250" Item="5271,10,1,0,0,0,0|2005,5,1,0,0,0,0" />
  <Goods ID="30151251" Item="30151302,1,1,0,0,0,0|30151290,1,1,0,0,0,0" />
  <Goods ID="30151252" Item="63120,10,1,0,0,0,0|2005,5,1,0,0,0,0" />
  <Goods ID="30151253" Item="30151307,1,1,0,0,0,0" />
  <Goods ID="30151254" Item="63120,10,1,0,0,0,0|30151264,1,1,0,0,0,0" />
  <Goods ID="30151255" Item="2033,5,1,0,0,0,0|5260,5,1,0,0,0,0" />
  <Goods ID="30151256" Item="2034,5,1,0,0,0,0|5251,10,1,0,0,0,0" />
  <Goods ID="30151257" Item="2005,2,1,0,0,0,0|50160,5,1,0,0,0,0|5110,20,1,0,0,0,0|30151316,2,1,0,0,0,0|5271,5,1,0,0,0,0|5250,15,1,0,0,0,0" />
  <Goods ID="30151258" Item="30151325,1,1,0,0,0,0|30151318,1,1,0,0,0,0" />
  <Goods ID="30151259" Item="50160,5,1,0,0,0,0|2017,500,1,0,0,0,0" />
  <Goods ID="30151260" Item="30151330,1,1,0,0,0,0|30151318,1,1,0,0,0,0" />
  <Goods ID="30151261" Item="50160,5,1,0,0,0,0|2002,50,1,0,0,0,0" />
  <Goods ID="30151262" Item="30151344,1,1,0,0,0,0" />
  <Goods ID="30151263" Item="50160,5,1,0,0,0,0|5281,20,1,0,0,0,0" />
  <Goods ID="30151264" Item="50160,5,1,0,0,0,0|63120,20,1,0,0,0,0|30151355,1,1,0,0,0,0" />
  <Goods ID="30151265" Item="50160,5,1,0,0,0,0|30151361,1,1,0,0,0,0|30151355,1,1,0,0,0,0" />
  <Goods ID="30151266" Item="5251,20,1,0,0,0,0|63086,5,1,0,0,0,0" />
  <Goods ID="30151267" Item="5250,100,1,0,0,0,0|1033090,1,1,0,0,0,0|63086,10,1,0,0,0,0" />
  <Goods ID="30151268" Item="50160,5,1,0,0,0,0|30151361,1,1,0,0,0,0" />
  <Goods ID="30151269" Item="5133,10,1,0,0,0,0|2075,12,1,0,0,0,0|2070,12,1,0,0,0,0|2110,3,1,0,0,0,0" />
  <Goods ID="30151270" Item="5133,20,1,0,0,0,0|2081,5,1,0,0,0,0|2076,5,1,0,0,0,0|2111,5,1,0,0,0,0" />
  <Goods ID="30151271" Item="30151383,1,1,0,0,0,0|30151376,1,1,0,0,0,0" />
  <Goods ID="30151272" Item="50160,5,1,0,0,0,0|2005,10,1,0,0,0,0" />
  <Goods ID="30151273" Item="1033360,1,1,0,0,0,0|5271,5,1,0,0,0,0|63120,10,1,0,0,0,0" />
  <Goods ID="30151274" Item="30151389,1,1,0,0,0,0|30151376,1,1,0,0,0,0" />
  <Goods ID="30151275" Item="50160,5,1,0,0,0,0|63120,10,1,0,0,0,0" />
  <Goods ID="30151276" Item="30151397,1,1,0,0,0,0" />
  <Goods ID="30151277" Item="50160,5,1,0,0,0,0|1033360,1,1,0,0,0,0" />
  <Goods ID="30151278" Item="1033360,1,1,0,0,0,0|5251,10,1,0,0,0,0|2005,10,1,0,0,0,0" />
  <Goods ID="30151279" Item="1033360,2,1,0,0,0,0|5271,5,1,0,0,0,0|63120,10,1,0,0,0,0" />
  <Goods ID="30151280" Item="1035003,1,1,0,0,0,0|30151377,2,1,0,0,0,0|63120,10,1,0,0,0,0" />
  <Goods ID="30151281" Item="5313,5,1,0,0,0,0" />
  <Goods ID="30151282" Item="1033360,1,1,0,0,0,0|5281,20,1,0,0,0,0|2005,10,1,0,0,0,0" />
  <Goods ID="30151283" Item="1033360,2,1,0,0,0,0|5271,5,1,0,0,0,0|63120,10,1,0,0,0,0" />
  <Goods ID="30151284" Item="1035003,1,1,0,0,0,0|30151377,2,1,0,0,0,0|63120,10,1,0,0,0,0" />
  <Goods ID="30151285" Item="30151417,1,1,0,0,0,0|30151407,1,1,0,0,0,0" />
  <Goods ID="30151286" Item="50160,5,1,0,0,0,0|2005,10,1,0,0,0,0" />
  <Goods ID="30151287" Item="30151424,1,1,0,0,0,0|30151407,1,1,0,0,0,0" />
  <Goods ID="30151288" Item="50160,5,1,0,0,0,0|63143,2,1,0,0,0,0" />
  <Goods ID="30151289" Item="30151430,1,1,0,0,0,0" />
  <Goods ID="30151290" Item="50160,5,1,0,0,0,0|1033330,1,1,0,0,0,0" />
  <Goods ID="30151291" Item="30151451,1,1,0,0,0,0|30151441,1,1,0,0,0,0" />
  <Goods ID="30151292" Item="30151457,1,1,0,0,0,0|30151441,1,1,0,0,0,0" />
  <Goods ID="30151293" Item="50160,5,1,0,0,0,0|30151377,1,1,0,0,0,0" />
  <Goods ID="30151294" Item="101033150,1,1,0,0,0,0|5281,20,1,0,0,0,0|2005,10,1,0,0,0,0" />
  <Goods ID="30151295" Item="101033150,2,1,0,0,0,0|63142,2,1,0,0,0,0|63120,10,1,0,0,0,0" />
  <Goods ID="30151296" Item="1035005,1,1,0,0,0,0|63143,2,1,0,0,0,0|63120,20,1,0,0,0,0" />
  <Goods ID="30151297" Item="30151470,1,1,0,0,0,0" />
  <Goods ID="30151298" Item="50160,5,1,0,0,0,0|101033090,1,1,0,0,0,0" />
  <Goods ID="30151299" Item="30151482,1,1,0,0,0,0|30151473,1,1,0,0,0,0" />
  <Goods ID="30151300" Item="1050000,1,1,0,0,0,0|63120,10,1,0,0,0,0" />
  <Goods ID="30151301" Item="30151483,1,1,0,0,0,0|30151485,1,1,0,0,0,0" />
  <Goods ID="30151302" Item="30151495,1,1,0,0,0,0|30151473,1,1,0,0,0,0" />
  <Goods ID="30151303" Item="1033360,1,1,0,0,0,0|5281,20,1,0,0,0,0|2005,10,1,0,0,0,0" />
  <Goods ID="30151304" Item="1033360,2,1,0,0,0,0|63142,2,1,0,0,0,0|63120,10,1,0,0,0,0" />
  <Goods ID="30151305" Item="2090002,5,1,0,0,0,0|63143,2,1,0,0,0,0|63120,20,1,0,0,0,0" />
  <Goods ID="30151306" Item="2090002,1,1,0,0,0,0|63120,10,1,0,0,0,0" />
  <Goods ID="30151307" Item="2090004,1,1,0,0,0,0|63120,10,1,0,0,0,0" />
  <Goods ID="30151308" Item="30151511,1,1,0,0,0,0" />
  <Goods ID="30151309" Item="30151526,1,1,0,0,0,0|30151516,1,1,0,0,0,0" />
  <Goods ID="30151310" Item="1034024,1,1,0,0,0,0|5352,5,1,0,0,0,0" />
  <Goods ID="30151311" Item="30151534,1,1,0,0,0,0|30151516,1,1,0,0,0,0" />
  <Goods ID="30151312" Item="2131,5,1,0,0,0,0|5352,5,1,0,0,0,0" />
  <Goods ID="30151313" Item="30151264,1,1,0,0,0,0|5331,5,1,0,0,0,0|2005,10,1,0,0,0,0" />
  <Goods ID="30151314" Item="30151265,1,1,0,0,0,0|30151377,2,1,0,0,0,0|63120,10,1,0,0,0,0" />
  <Goods ID="30151315" Item="2090005,5,1,0,0,0,0|63143,2,1,0,0,0,0|63120,20,1,0,0,0,0" />
  <Goods ID="30151316" Item="5133,10,1,0,0,0,0|2074,12,1,0,0,0,0|2071,12,1,0,0,0,0|2110,3,1,0,0,0,0" />
  <Goods ID="30151317" Item="5133,20,1,0,0,0,0|2080,5,1,0,0,0,0|2077,5,1,0,0,0,0|2111,5,1,0,0,0,0" />
  <Goods ID="30151318" Item="30151545,1,1,0,0,0,0" />
  <Goods ID="30151319" Item="2131,5,1,0,0,0,0|1035008,1,1,0,0,0,0" />
  <Goods ID="30151320" Item="51275,5,1,0,0,0,0" />
  <Goods ID="30151321" Item="30151563,1,1,0,0,0,0|30151556,1,1,0,0,0,0" />
  <Goods ID="30151322" Item="2131,5,1,0,0,0,0|5352,5,1,0,0,0,0" />
  <Goods ID="30151323" Item="30151571,1,1,0,0,0,0|30151556,1,1,0,0,0,0" />
  <Goods ID="30151324" Item="30151538,5,1,0,0,0,0|5352,5,1,0,0,0,0" />
  <Goods ID="30151325" Item="30151582,1,1,0,0,0,0" />
  <Goods ID="30151326" Item="30151595,1,1,0,0,0,0|30151590,1,1,0,0,0,0" />
  <Goods ID="30151327" Item="2090032,2,1,0,0,0,0|63179,1,1,0,0,0,0" />
  <Goods ID="30151328" Item="30151601,1,1,0,0,0,0|30151590,1,1,0,0,0,0" />
  <Goods ID="30151329" Item="2090033,2,1,0,0,0,0|63179,1,1,0,0,0,0" />
  <Goods ID="30151330" Item="30151606,1,1,0,0,0,0" />
  <Goods ID="30151331" Item="5313,10,1,0,0,0,0|63179,1,1,0,0,0,0" />
  <Goods ID="30151332" Item="63179,1,1,0,0,0,0|30151238,5,1,0,0,0,0|2005,10,1,0,0,0,0" />
  <Goods ID="30151333" Item="63179,2,1,0,0,0,0|30151377,4,1,0,0,0,0|63120,10,1,0,0,0,0" />
  <Goods ID="30151334" Item="2090004,5,1,0,0,0,0|63142,2,1,0,0,0,0|63120,20,1,0,0,0,0" />
  <Goods ID="30151335" Item="30151636,1,1,0,0,0,0|30151628,1,1,0,0,0,0" />
  <Goods ID="30151336" Item="30151238,10,1,0,0,0,0|2090011,2,1,0,0,0,0" />
  <Goods ID="30151337" Item="30151642,1,1,0,0,0,0|30151628,1,1,0,0,0,0" />
  <Goods ID="30151338" Item="30151238,10,1,0,0,0,0|1033330,1,1,0,0,0,0" />
  <Goods ID="30151339" Item="30151647,1,1,0,0,0,0|30151628,1,1,0,0,0,0" />
  <Goods ID="30151340" Item="63179,5,1,0,0,0,0|1033330,1,1,0,0,0,0" />
  <Goods ID="30151341" Item="30151658,1,1,0,0,0,0|30151652,1,1,0,0,0,0" />
  <Goods ID="30151342" Item="2090055,1,1,0,0,0,0|5313,5,1,0,0,0,0" />
  <Goods ID="30151343" Item="30151652,1,1,0,0,0,0|30151664,1,1,0,0,0,0" />
  <Goods ID="30151344" Item="2090032,1,1,0,0,0,0|5284,5,1,0,0,0,0" />
  <Goods ID="30151345" Item="30151673,1,1,0,0,0,0" />
  <Goods ID="30151346" Item="2090011,1,1,0,0,0,0|5313,5,1,0,0,0,0" />
  <Goods ID="30151347" Item="30151682,1,1,0,0,0,0|30151688,1,1,0,0,0,0" />
  <Goods ID="30151348" Item="30151238,5,1,0,0,0,0" />
  <Goods ID="30151349" Item="30151682,1,1,0,0,0,0|30151694,1,1,0,0,0,0" />
  <Goods ID="30151350" Item="30151402,5,1,0,0,0,0" />
  <Goods ID="30151351" Item="30151698,1,1,0,0,0,0" />
  <Goods ID="30151352" Item="5331,5,1,0,0,0,0|2090014,5,1,0,0,0,0" />
  <Goods ID="30151353" Item="30151714,1,1,0,0,0,0|30151706,1,1,0,0,0,0" />
  <Goods ID="30151354" Item="5251,20,1,0,0,0,0|2005,5,1,0,0,0,0" />
  <Goods ID="30151355" Item="63141,2,1,0,0,0,0|5331,20,1,0,0,0,0" />
  <Goods ID="30151356" Item="5360,20,1,0,0,0,0" />
  <Goods ID="30151357" Item="63086,10,1,0,0,0,0" />
  <Goods ID="30151358" Item="30151732,1,1,0,0,0,0|30151706,1,1,0,0,0,0" />
  <Goods ID="30151359" Item="5331,5,1,0,0,0,0" />
  <Goods ID="30151360" Item="30151734,1,1,0,0,0,0" />
  <Goods ID="30151361" Item="5281,5,1,0,0,0,0|2090039,1,1,0,0,0,0" />
  <Goods ID="30151362" Item="30151737,1,1,0,0,0,0|30151745,1,1,0,0,0,0" />
  <Goods ID="30151363" Item="30151737,1,1,0,0,0,0|30151749,1,1,0,0,0,0" />
  <Goods ID="30151364" Item="5284,5,1,0,0,0,0|7007,20,1,0,0,0,0" />
  <Goods ID="30151365" Item="30151756,1,1,0,0,0,0" />
  <Goods ID="30151366" Item="5331,5,1,0,0,0,0|2090055,1,1,0,0,0,0" />
  <Goods ID="30151367" Item="30151761,1,1,0,0,0,0|30151774,1,1,0,0,0,0" />
  <Goods ID="30151368" Item="5281,5,1,0,0,0,0" />
  <Goods ID="30151369" Item="30151761,1,1,0,0,0,0|30151780,1,1,0,0,0,0" />
  <Goods ID="30151370" Item="30151786,1,1,0,0,0,0" />
  <Goods ID="30151371" Item="5331,5,1,0,0,0,0|2090039,1,1,0,0,0,0" />
  <Goods ID="30151372" Item="30151790,1,1,0,0,0,0|30151796,1,1,0,0,0,0" />
  <Goods ID="30151373" Item="5281,5,1,0,0,0,0|7007,20,1,0,0,0,0" />
  <Goods ID="30151374" Item="30151804,1,1,0,0,0,0" />
  <Goods ID="30151375" Item="5331,5,1,0,0,0,0|2090068,1,1,0,0,0,0" />
  <Goods ID="30151376" Item="30151815,1,1,0,0,0,0|30151809,1,1,0,0,0,0|63042,1,1,0,0,0,0" />
  <Goods ID="30151377" Item="30151815,1,1,0,0,0,0|30151828,1,1,0,0,0,0|63042,1,1,0,0,0,0" />
  <Goods ID="30151378" Item="30151847,7,1,0,0,0,0" />
  <Goods ID="30151379" Item="30151815,1,1,0,0,0,0|30151855,1,1,0,0,0,0|63042,1,1,0,0,0,0" />
  <Goods ID="30151380" Item="2200,50,1,0,0,0,0|2201,50,1,0,0,0,0|2202,50,1,0,0,0,0" />
  <Goods ID="30151381" Item="30151815,1,1,0,0,0,0|30151881,1,1,0,0,0,0|63042,1,1,0,0,0,0" />
  <Goods ID="30151382" Item="30151815,1,1,0,0,0,0|30151899,1,1,0,0,0,0|63042,1,1,0,0,0,0" />
  <Goods ID="30151383" Item="30151815,1,1,0,0,0,0|30151917,1,1,0,0,0,0|63042,1,1,0,0,0,0" />
  <Goods ID="30151384" Item="971000,10,1,0,0,0,0" />
  <Goods ID="30151385" Item="2800000,50,1,0,0,0,0" />
  <Goods ID="30151386" Item="30151815,1,1,0,0,0,0|30151942,1,1,0,0,0,0|63042,1,1,0,0,0,0" />
  <Goods ID="30151387" Item="30151815,1,1,0,0,0,0|30151959,1,1,0,0,0,0|63042,1,1,0,0,0,0" />
  <Goods ID="30151388" Item="999007,1,1,0,0,0,0" />
  <Goods ID="30151389" Item="999007,3,1,0,0,0,0" />
  <Goods ID="30151390" Item="999007,5,1,0,0,0,0" />
  <Goods ID="30151391" Item="999008,1,1,0,0,0,0" />
  <Goods ID="30151392" Item="999008,3,1,0,0,0,0" />
  <Goods ID="30151393" Item="999008,5,1,0,0,0,0" />
  <Goods ID="30151394" Item="999009,1,1,0,0,0,0" />
  <Goods ID="30151395" Item="999009,3,1,0,0,0,0" />
  <Goods ID="30151396" Item="999009,5,1,0,0,0,0" />
  <Goods ID="30151397" Item="999010,1,1,0,0,0,0" />
  <Goods ID="30151398" Item="999010,3,1,0,0,0,0" />
  <Goods ID="30151399" Item="999010,5,1,0,0,0,0" />
  <Goods ID="30151400" Item="999004,1,1,0,0,0,0" />
  <Goods ID="30151401" Item="999004,3,1,0,0,0,0" />
  <Goods ID="30151402" Item="999004,5,1,0,0,0,0" />
  <Goods ID="30151403" Item="999005,1,1,0,0,0,0" />
  <Goods ID="30151404" Item="999005,3,1,0,0,0,0" />
  <Goods ID="30151405" Item="999005,5,1,0,0,0,0" />
  <Goods ID="30151406" Item="999006,1,1,0,0,0,0" />
  <Goods ID="30151407" Item="999006,3,1,0,0,0,0" />
  <Goods ID="30151408" Item="999006,5,1,0,0,0,0" />
  <Goods ID="30151409" Item="30151815,1,1,0,0,0,0|30152008,1,1,0,0,0,0|63042,1,1,0,0,0,0" />
  <Goods ID="30151410" Item="30152022,5,1,0,0,0,0" />
  <Goods ID="30151411" Item="999000,1,1,0,0,0,0" />
  <Goods ID="30151412" Item="999000,5,1,0,0,0,0" />
  <Goods ID="30151413" Item="999000,10,1,0,0,0,0" />
  <Goods ID="30151414" Item="999000,20,1,0,0,0,0" />
  <Goods ID="30151415" Item="30152037,7,1,0,0,0,0" />
  <Goods ID="30151416" Item="30152037,18,1,0,0,0,0" />
  <Goods ID="30151417" Item="30151815,1,1,0,0,0,0|30152050,1,1,0,0,0,0|63042,1,1,0,0,0,0" />
  <Goods ID="30151418" Item="999001,1,1,0,0,0,0" />
  <Goods ID="30151419" Item="999001,5,1,0,0,0,0" />
  <Goods ID="30151420" Item="999001,10,1,0,0,0,0" />
  <Goods ID="30151421" Item="999001,20,1,0,0,0,0" />
  <Goods ID="30151422" Item="30151815,1,1,0,0,0,0|30152074,1,1,0,0,0,0|63042,1,1,0,0,0,0" />
  <Goods ID="30151423" Item="999002,1,1,0,0,0,0" />
  <Goods ID="30151424" Item="999002,5,1,0,0,0,0" />
  <Goods ID="30151425" Item="999002,10,1,0,0,0,0" />
  <Goods ID="30151426" Item="999002,20,1,0,0,0,0" />
  <Goods ID="30151427" Item="30151815,1,1,0,0,0,0|30152092,1,1,0,0,0,0|63042,1,1,0,0,0,0" />
  <Goods ID="30151428" Item="30151815,1,1,0,0,0,0|30152108,1,1,0,0,0,0|63042,1,1,0,0,0,0" />
  <Goods ID="30151429" Item="30152115,3,1,0,0,0,0" />
  <Goods ID="30151430" Item="30152115,6,1,0,0,0,0" />
  <Goods ID="30151431" Item="30151815,1,1,0,0,0,0|30152131,1,1,0,0,0,0|63042,1,1,0,0,0,0" />
  <Goods ID="30151432" Item="30151815,1,1,0,0,0,0|30152152,1,1,0,0,0,0|63042,1,1,0,0,0,0" />
  <Goods ID="30151433" Item="30151815,1,1,0,0,0,0|30152174,1,1,0,0,0,0|63042,1,1,0,0,0,0" />
  <Goods ID="30151434" Item="999003,1,1,0,0,0,0" />
  <Goods ID="30151435" Item="999003,5,1,0,0,0,0" />
  <Goods ID="30151436" Item="999003,10,1,0,0,0,0" />
  <Goods ID="30151437" Item="999003,20,1,0,0,0,0" />
  <Goods ID="30151438" Item="30151815,1,1,0,0,0,0|30152207,1,1,0,0,0,0|63042,1,1,0,0,0,0" />
  <Goods ID="30151439" Item="8401,5,1,0,0,0,0" />
  <Goods ID="30151440" Item="8402,5,1,0,0,0,0" />
  <Goods ID="30151441" Item="8401,10,1,0,0,0,0" />
  <Goods ID="30151442" Item="8402,10,1,0,0,0,0" />
  <Goods ID="30151443" Item="8410,1,1,0,0,0,0" />
  <Goods ID="30151444" Item="8411,1,1,0,0,0,0" />
  <Goods ID="30151445" Item="30151815,1,1,0,0,0,0|30152238,1,1,0,0,0,0|63042,1,1,0,0,0,0" />
  <Goods ID="30151446" Item="30152243,3,1,0,0,0,0" />
  <Goods ID="30151447" Item="30152243,5,1,0,0,0,0" />
  <Goods ID="30151448" Item="30151815,1,1,0,0,0,0|30152269,1,1,0,0,0,0|63042,1,1,0,0,0,0" />
  <Goods ID="30151449" Item="30151815,1,1,0,0,0,0|30152270,1,1,0,0,0,0|63042,1,1,0,0,0,0" />
  <Goods ID="30151450" Item="30152271,3,1,0,0,0,0" />
  <Goods ID="30151451" Item="30152271,5,1,0,0,0,0" />
  <Goods ID="30151452" Item="30152294,3,1,0,0,0,0" />
  <Goods ID="30151453" Item="30152294,7,1,0,0,0,0" />
  <Goods ID="30151454" Item="30151815,1,1,0,0,0,0|30152304,1,1,0,0,0,0|63042,1,1,0,0,0,0" />
  <Goods ID="30151455" Item="1033630,31,1,0,0,0,0|2090195,18,1,0,0,0,0|41000047,7,1,0,0,0,0|2100090,18,1,0,0,0,0|30152043,1,1,0,0,0,0" />
  <Goods ID="30151456" Item="30151815,1,1,0,0,0,0|30152335,1,1,0,0,0,0|63042,1,1,0,0,0,0" />
  <Goods ID="30151457" Item="30152355,3,1,0,0,0,0" />
  <Goods ID="30151458" Item="30152355,15,1,0,0,0,0" />
  <Goods ID="30151459" Item="30151815,1,1,0,0,0,0|30152360,1,1,0,0,0,0|63042,1,1,0,0,0,0" />
  <Goods ID="30151460" Item="30151815,1,1,0,0,0,0|30152379,1,1,0,0,0,0|63042,1,1,0,0,0,0" />
  <Goods ID="30151461" Item="30151815,1,1,0,0,0,0|30152400,1,1,0,0,0,0|63042,1,1,0,0,0,0" />
  <Goods ID="30151462" Item="50305,100,1,0,0,0,0|50306,30,1,0,0,0,0|50017,100,1,0,0,0,0|5050,3000,1,0,0,0,0" />
  <Goods ID="30151463" Item="2016,3300,1,0,0,0,0|2017,900,1,0,0,0,0|2038,40,1,0,0,0,0|2018,6,1,0,0,0,0|2020,1,1,0,0,0,0" />
  <Goods ID="30151464" Item="64026,90,1,0,0,0,0|2043,30,1,0,0,0,0" />
  <Goods ID="30151465" Item="30151815,1,1,0,0,0,0|30152426,1,1,0,0,0,0|63042,1,1,0,0,0,0" />
  <Goods ID="30151466" Item="30151815,1,1,0,0,0,0|30152445,1,1,0,0,0,0|63042,1,1,0,0,0,0" />
  <Goods ID="30151467" Item="30152461,3,1,0,0,0,0" />
  <Goods ID="30151468" Item="30152461,5,1,0,0,0,0" />
  <Goods ID="30151469" Item="30151815,1,1,0,0,0,0|30152474,1,1,0,0,0,0|63042,1,1,0,0,0,0|30152476,1,1,0,0,0,0" />
  <Goods ID="30151470" Item="30152491,3,1,0,0,0,0" />
  <Goods ID="30151471" Item="30152491,5,1,0,0,0,0" />
  <Goods ID="30151472" Item="30151815,1,1,0,0,0,0|30152504,1,1,0,0,0,0|63042,1,1,0,0,0,0|30152476,1,1,0,0,0,0" />
  <Goods ID="30151473" Item="30151815,1,1,0,0,0,0|30152518,1,1,0,0,0,0|63042,1,1,0,0,0,0|30152476,1,1,0,0,0,0" />
  <Goods ID="30151474" Item="30151815,1,1,0,0,0,0|30152541,1,1,0,0,0,0|63042,1,1,0,0,0,0|30152476,1,1,0,0,0,0" />
  <Goods ID="30151475" Item="30151815,1,1,0,0,0,0|30152564,1,1,0,0,0,0|63042,1,1,0,0,0,0|30152476,1,1,0,0,0,0" />
  <Goods ID="30151476" Item="30151815,1,1,0,0,0,0|30152584,1,1,0,0,0,0|63042,1,1,0,0,0,0|30152476,1,1,0,0,0,0" />
  <Goods ID="30151477" Item="30151815,1,1,0,0,0,0|30152611,1,1,0,0,0,0|63042,1,1,0,0,0,0|30152476,1,1,0,0,0,0" />
  <Goods ID="30152644" Item="30151815,1,1,0,0,0,0|30151809,1,1,0,0,0,0|63042,1,1,0,0,0,0|30152476,1,1,0,0,0,0" />
  <Goods ID="30152698" Item="30151815,1,1,0,0,0,0|30152474,1,1,0,0,0,0|63042,1,1,0,0,0,0|30152476,1,1,0,0,0,0" />
  <Goods ID="30152715" Item="30151815,1,1,0,0,0,0|30152584,1,1,0,0,0,0|63042,1,1,0,0,0,0|30152476,1,1,0,0,0,0" />
  <Goods ID="30152716" Item="5250,1,1,0,0,0,0" />
  <Goods ID="30152717" Item="50164,10,1,0,0,0,0" />
  <Goods ID="302722807" Item="1035036,1,1,0,0,0,0|1033870,1,1,0,0,0,0|2100140,1,1,0,0,0,0" />
  <Goods ID="302722808" Item="302722794,2,0,0,0,0,0" />
  <Goods ID="302722813" Item="5250,1,1,0,0,0,0" />
  <Goods ID="302722815" Item="1005090,1,0,0,0,0,86769794" />
  <Goods ID="302722816" Item="1015090,1,0,0,0,0,86769794" />
  <Goods ID="302722817" Item="1025590,1,0,0,0,0,86769794" />
  <Goods ID="302722818" Item="1065090,1,0,0,0,0,86769794" />
  <Goods ID="302722819" Item="1075090,1,0,0,0,0,86769794" />
</config>"
