TextAsset Base
	string m_Name = "JieRiZengSongKing"
	string m_Script = "<?xml version="1.0" encoding="utf-8"?>
<Config>
  <Activities ActivityType="51" FromDate="2022-11-01 00:00:00" ToDate="2022-11-06 23:59:59" AwardStartDate="2022-11-07 00:00:00" AwardEndDate="2022-11-07 23:59:59" />
  <GiftList Description="Trong event, top 10 tặng sẽ nhận quà hậu hĩnh">
    <Award Ranking="1" GoodsOne="1035051,1,1,0,0,0,0|63157,1,1,0,0,0,0|63238,2,1,0,0,0,0|63141,2,1,0,0,0,0" GoodsTwo="1005093,1,1,0,0,1,235|1015093,1,1,0,0,1,235|1025593,1,1,0,0,1,235|1075093,1,1,0,0,1,235" GoodsThr="" EffectiveTime="" MinYuanBao="400" />
    <Award Ranking="2" GoodsOne="30151540,2,1,0,0,0,0|63156,4,1,0,0,0,0|30152290,2,0,0,0,0,0|5271,40,1,0,0,0,0" GoodsTwo="1005092,1,1,0,0,1,235|1015092,1,1,0,0,1,235|1025592,1,1,0,0,1,235|1075092,1,1,0,0,1,235" GoodsThr="" EffectiveTime="" MinYuanBao="320" />
    <Award Ranking="3" GoodsOne="30151540,1,1,0,0,0,0|5332,1,1,0,0,0,0|30152290,1,1,0,0,0,0|5271,30,1,0,0,0,0" GoodsTwo="1005092,1,1,0,0,1,235|1015092,1,1,0,0,1,235|1025592,1,1,0,0,1,235|1075092,1,1,0,0,1,235" GoodsThr="" EffectiveTime="" MinYuanBao="240" />
    <Award Ranking="4" GoodsOne="5251,20,1,0,0,0,0|5331,4,1,0,0,0,0|63120,20,1,0,0,0,0|5271,20,1,0,0,0,0" GoodsTwo="1005091,1,1,0,0,1,235|1015091,1,1,0,0,1,235|1025591,1,1,0,0,1,235|1075091,1,1,0,0,1,235" GoodsThr="" EffectiveTime="" MinYuanBao="160" />
    <Award Ranking="5" GoodsOne="5251,20,1,0,0,0,0|5331,4,1,0,0,0,0|63120,20,1,0,0,0,0|5271,20,1,0,0,0,0" GoodsTwo="1005091,1,1,0,0,1,235|1015091,1,1,0,0,1,235|1025591,1,1,0,0,1,235|1075091,1,1,0,0,1,235" GoodsThr="" EffectiveTime="" MinYuanBao="160" />
    <Award Ranking="6" GoodsOne="5251,10,1,0,0,0,0|5331,3,1,0,0,0,0|63120,10,1,0,0,0,0|5271,10,1,0,0,0,0" GoodsTwo="1005090,1,1,0,0,1,235|1015090,1,1,0,0,1,235|1025590,1,1,0,0,1,235|1075090,1,1,0,0,1,235" GoodsThr="" EffectiveTime="" MinYuanBao="80" />
    <Award Ranking="7" GoodsOne="5251,10,1,0,0,0,0|5331,3,1,0,0,0,0|63120,10,1,0,0,0,0|5271,10,1,0,0,0,0" GoodsTwo="1005090,1,1,0,0,1,235|1015090,1,1,0,0,1,235|1025590,1,1,0,0,1,235|1075090,1,1,0,0,1,235" GoodsThr="" EffectiveTime="" MinYuanBao="80" />
    <Award Ranking="8" GoodsOne="5251,10,1,0,0,0,0|5331,3,1,0,0,0,0|63120,10,1,0,0,0,0|5271,10,1,0,0,0,0" GoodsTwo="1005090,1,1,0,0,1,235|1015090,1,1,0,0,1,235|1025590,1,1,0,0,1,235|1075090,1,1,0,0,1,235" GoodsThr="" EffectiveTime="" MinYuanBao="80" />
    <Award Ranking="9" GoodsOne="5251,10,1,0,0,0,0|5331,3,1,0,0,0,0|63120,10,1,0,0,0,0|5271,10,1,0,0,0,0" GoodsTwo="1005090,1,1,0,0,1,235|1015090,1,1,0,0,1,235|1025590,1,1,0,0,1,235|1075090,1,1,0,0,1,235" GoodsThr="" EffectiveTime="" MinYuanBao="80" />
    <Award Ranking="10" GoodsOne="5251,10,1,0,0,0,0|5331,3,1,0,0,0,0|63120,10,1,0,0,0,0|5271,10,1,0,0,0,0" GoodsTwo="1005090,1,1,0,0,1,235|1015090,1,1,0,0,1,235|1025590,1,1,0,0,1,235|1075090,1,1,0,0,1,235" GoodsThr="" EffectiveTime="" MinYuanBao="80" />
  </GiftList>
</Config>"
