TextAsset Base
	string m_Name = "JieRiChongZhiKing"
	string m_Script = "<?xml version="1.0" encoding="utf-8"?>
<Config>
  <Activities ActivityType="16" FromDate="2022-11-01 00:00:00" ToDate="2022-11-06 23:59:59" AwardStartDate="2022-11-07 00:00:00" AwardEndDate="2022-11-07 23:59:59" />
  <GiftList Description="Trong thời gian event, top 10 nạp sẽ có thể nhận quà lớn!">
    <Award ID="1" GoodsOne="30151180,2,1,0,0,0,0|30151411,30,1,0,0,0,0|30152784,1,1,0,0,0,0|970030,1,1,0,0,0,0" GoodsTwo="1005097,1,1,0,0,1,235|1015097,1,1,0,0,1,235|1025597,1,1,0,0,1,235|1075097,1,1,0,0,1,235" GoodsThr="" EffectiveTime="" MinYuanBao="30000" />
    <Award ID="2" GoodsOne="30152782,15,1,0,0,0,0|30151411,15,1,0,0,0,0|30152731,20,1,0,0,0,0|30151180,1,1,0,0,0,0" GoodsTwo="1005096,1,1,0,0,1,235|1015096,1,1,0,0,1,235|1025596,1,1,0,0,1,235|1075096,1,1,0,0,1,235" GoodsThr="" EffectiveTime="" MinYuanBao="20000" />
    <Award ID="3" GoodsOne="30152782,15,1,0,0,0,0|30151411,10,1,0,0,0,0|30152731,10,1,0,0,0,0|30151180,1,1,0,0,0,0" GoodsTwo="1005095,1,1,0,0,1,235|1015095,1,1,0,0,1,235|1025595,1,1,0,0,1,235|1075095,1,1,0,0,1,235" GoodsThr="" EffectiveTime="" MinYuanBao="10000" />
    <Award ID="4" GoodsOne="30152782,10,1,0,0,0,0|30151411,5,1,0,0,0,0|30152731,5,1,0,0,0,0||30151180,1,1,0,0,0,0" GoodsTwo="1005094,1,1,0,0,1,235|1015094,1,1,0,0,1,235|1025594,1,1,0,0,1,235|1075094,1,1,0,0,1,235" GoodsThr="" EffectiveTime="" MinYuanBao="5000" />
    <Award ID="5" GoodsOne="30152782,10,1,0,0,0,0|30151411,5,1,0,0,0,0|30152731,5,1,0,0,0,0||30151180,1,1,0,0,0,0" GoodsTwo="1005094,1,1,0,0,1,235|1015094,1,1,0,0,1,235|1025594,1,1,0,0,1,235|1075094,1,1,0,0,1,235" GoodsThr="" EffectiveTime="" MinYuanBao="5000" />
    <Award ID="6" GoodsOne="30152782,7,1,0,0,0,0|30151411,3,1,0,0,0,0|30152731,3,1,0,0,0,0|2132,5,1,0,0,0,0" GoodsTwo="1005091,1,1,0,0,1,235|1015091,1,1,0,0,1,235|1025591,1,1,0,0,1,235|1075091,1,1,0,0,1,235" GoodsThr="" EffectiveTime="" MinYuanBao="10" />
    <Award ID="7" GoodsOne="30152782,7,1,0,0,0,0|30151411,3,1,0,0,0,0|30152731,3,1,0,0,0,0|2132,5,1,0,0,0,0" GoodsTwo="1005091,1,1,0,0,1,235|1015091,1,1,0,0,1,235|1025591,1,1,0,0,1,235|1075091,1,1,0,0,1,235" GoodsThr="" EffectiveTime="" MinYuanBao="10" />
    <Award ID="8" GoodsOne="30152782,7,1,0,0,0,0|30151411,3,1,0,0,0,0|30152731,3,1,0,0,0,0|2132,5,1,0,0,0,0" GoodsTwo="1005091,1,1,0,0,1,235|1015091,1,1,0,0,1,235|1025591,1,1,0,0,1,235|1075091,1,1,0,0,1,235" GoodsThr="" EffectiveTime="" MinYuanBao="10" />
    <Award ID="9" GoodsOne="30152782,7,1,0,0,0,0|30151411,3,1,0,0,0,0|30152731,3,1,0,0,0,0|2132,5,1,0,0,0,0" GoodsTwo="1005091,1,1,0,0,1,235|1015091,1,1,0,0,1,235|1025591,1,1,0,0,1,235|1075091,1,1,0,0,1,235" GoodsThr="" EffectiveTime="" MinYuanBao="10" />
    <Award ID="10" GoodsOne="30152782,7,1,0,0,0,0|30151411,3,1,0,0,0,0|30152731,3,1,0,0,0,0|2132,5,1,0,0,0,0" GoodsTwo="1005091,1,1,0,0,1,235|1015091,1,1,0,0,1,235|1025591,1,1,0,0,1,235|1075091,1,1,0,0,1,235" GoodsThr="" EffectiveTime="" MinYuanBao="10" />
  </GiftList>
</Config>"
