TextAsset Base
	string m_Name = "MatchAward"
	string m_Script = "<?xml version="1.0" encoding="utf-8"?>
<Config>
  <Award ID="1" MatchID="1" Name="Top 100" FinalPassDay="0" Award="64012,120,1,0,0,0,0|5200,18,1,0,0,0,0|64008,80,1,0,0,0,0|50151,18,1,0,0,0,0" />
  <Award ID="2" MatchID="1" Name="Top 64" FinalPassDay="1" Award="64012,240,1,0,0,0,0|5200,36,1,0,0,0,0|64008,160,1,0,0,0,0|50151,36,1,0,0,0,0" />
  <Award ID="3" MatchID="1" Name="Top 32" FinalPassDay="2" Award="64012,360,1,0,0,0,0|5200,54,1,0,0,0,0|64008,240,1,0,0,0,0|50151,54,1,0,0,0,0" />
  <Award ID="4" MatchID="1" Name="Top 16" FinalPassDay="3" Award="64012,480,1,0,0,0,0|5200,72,1,0,0,0,0|64008,320,1,0,0,0,0|50151,72,1,0,0,0,0" />
  <Award ID="5" MatchID="1" Name="Top 8" FinalPassDay="4" Award="64012,600,1,0,0,0,0|5200,90,1,0,0,0,0|64008,400,1,0,0,0,0|50151,90,1,0,0,0,0" />
  <Award ID="6" MatchID="1" Name="Top 4" FinalPassDay="5" Award="64012,720,1,0,0,0,0|5200,108,1,0,0,0,0|64008,480,1,0,0,0,0|50151,108,1,0,0,0,0" />
  <Award ID="7" MatchID="1" Name="Á Quân" FinalPassDay="6" Award="64012,900,1,0,0,0,0|5200,135,1,0,0,0,0|64008,600,1,0,0,0,0|50151,135,1,0,0,0,0" />
  <Award ID="8" MatchID="1" Name="Vô Địch" FinalPassDay="7" Award="64012,1200,1,0,0,0,0|5200,180,1,0,0,0,0|64008,800,1,0,0,0,0|50151,180,1,0,0,0,0" />
  <Award ID="9" MatchID="2" Name="Top 100" FinalPassDay="0" Award="64012,160,1,0,0,0,0|5200,24,1,0,0,0,0|64008,120,1,0,0,0,0|50151,24,1,0,0,0,0" />
  <Award ID="10" MatchID="2" Name="Top 64" FinalPassDay="1" Award="64012,320,1,0,0,0,0|5200,48,1,0,0,0,0|64008,240,1,0,0,0,0|50151,48,1,0,0,0,0" />
  <Award ID="11" MatchID="2" Name="Top 32" FinalPassDay="2" Award="64012,480,1,0,0,0,0|5200,72,1,0,0,0,0|64008,360,1,0,0,0,0|50151,72,1,0,0,0,0" />
  <Award ID="12" MatchID="2" Name="Top 16" FinalPassDay="3" Award="64012,640,1,0,0,0,0|5200,96,1,0,0,0,0|64008,480,1,0,0,0,0|50151,96,1,0,0,0,0" />
  <Award ID="13" MatchID="2" Name="Top 8" FinalPassDay="4" Award="64012,800,1,0,0,0,0|5200,120,1,0,0,0,0|64008,600,1,0,0,0,0|50151,120,1,0,0,0,0" />
  <Award ID="14" MatchID="2" Name="Top 4" FinalPassDay="5" Award="64012,960,1,0,0,0,0|5200,144,1,0,0,0,0|64008,720,1,0,0,0,0|50151,144,1,0,0,0,0" />
  <Award ID="15" MatchID="2" Name="Á Quân" FinalPassDay="6" Award="64012,1200,1,0,0,0,0|5200,180,1,0,0,0,0|64008,900,1,0,0,0,0|50151,180,1,0,0,0,0" />
  <Award ID="16" MatchID="2" Name="Vô Địch" FinalPassDay="7" Award="64012,1600,1,0,0,0,0|5200,240,1,0,0,0,0|64008,1200,1,0,0,0,0|50151,240,1,0,0,0,0" />
  <Award ID="17" MatchID="3" Name="Top 100" FinalPassDay="0" Award="64012,240,1,0,0,0,0|5200,36,1,0,0,0,0|64008,200,1,0,0,0,0|50151,36,1,0,0,0,0" />
  <Award ID="18" MatchID="3" Name="Top 64" FinalPassDay="1" Award="64012,480,1,0,0,0,0|5200,72,1,0,0,0,0|64008,400,1,0,0,0,0|50151,72,1,0,0,0,0" />
  <Award ID="19" MatchID="3" Name="Top 32" FinalPassDay="2" Award="64012,720,1,0,0,0,0|5200,108,1,0,0,0,0|64008,600,1,0,0,0,0|50151,108,1,0,0,0,0" />
  <Award ID="20" MatchID="3" Name="Top 16" FinalPassDay="3" Award="64012,960,1,0,0,0,0|5200,144,1,0,0,0,0|64008,800,1,0,0,0,0|50151,144,1,0,0,0,0" />
  <Award ID="21" MatchID="3" Name="Top 8" FinalPassDay="4" Award="64012,1200,1,0,0,0,0|5200,180,1,0,0,0,0|64008,1000,1,0,0,0,0|50151,180,1,0,0,0,0" />
  <Award ID="22" MatchID="3" Name="Top 4" FinalPassDay="5" Award="64012,1440,1,0,0,0,0|5200,216,1,0,0,0,0|64008,1200,1,0,0,0,0|50151,216,1,0,0,0,0" />
  <Award ID="23" MatchID="3" Name="Á Quân" FinalPassDay="6" Award="64012,1800,1,0,0,0,0|5200,270,1,0,0,0,0|64008,1500,1,0,0,0,0|50151,270,1,0,0,0,0" />
  <Award ID="24" MatchID="3" Name="Vô Địch" FinalPassDay="7" Award="64012,2400,1,0,0,0,0|5200,360,1,0,0,0,0|64008,2000,1,0,0,0,0|50151,360,1,0,0,0,0" />
  <Award ID="25" MatchID="4" Name="Top 100" FinalPassDay="0" Award="64012,320,1,0,0,0,0|5200,48,1,0,0,0,0|64008,320,1,0,0,0,0|50151,48,1,0,0,0,0" />
  <Award ID="26" MatchID="4" Name="Top 64" FinalPassDay="1" Award="64012,640,1,0,0,0,0|5200,96,1,0,0,0,0|64008,640,1,0,0,0,0|50151,96,1,0,0,0,0" />
  <Award ID="27" MatchID="4" Name="Top 32" FinalPassDay="2" Award="64012,960,1,0,0,0,0|5200,144,1,0,0,0,0|64008,960,1,0,0,0,0|50151,144,1,0,0,0,0" />
  <Award ID="28" MatchID="4" Name="Top 16" FinalPassDay="3" Award="64012,1280,1,0,0,0,0|5200,192,1,0,0,0,0|64008,1280,1,0,0,0,0|50151,192,1,0,0,0,0" />
  <Award ID="29" MatchID="4" Name="Top 8" FinalPassDay="4" Award="64012,1600,1,0,0,0,0|5200,240,1,0,0,0,0|64008,1600,1,0,0,0,0|50151,240,1,0,0,0,0" />
  <Award ID="30" MatchID="4" Name="Top 4" FinalPassDay="5" Award="64012,1920,1,0,0,0,0|5200,288,1,0,0,0,0|64008,1920,1,0,0,0,0|50151,288,1,0,0,0,0" />
  <Award ID="31" MatchID="4" Name="Á Quân" FinalPassDay="6" Award="64012,2400,1,0,0,0,0|5200,360,1,0,0,0,0|64008,2400,1,0,0,0,0|50151,360,1,0,0,0,0" />
  <Award ID="32" MatchID="4" Name="Vô Địch" FinalPassDay="7" Award="64012,3200,1,0,0,0,0|5200,480,1,0,0,0,0|64008,3200,1,0,0,0,0|50151,480,1,0,0,0,0" />
  <Award ID="33" MatchID="999" Name="Top 100" FinalPassDay="0" Award="64012,400,1,0,0,0,0|5200,60,1,0,0,0,0|64008,400,1,0,0,0,0|50151,60,1,0,0,0,0" />
  <Award ID="34" MatchID="999" Name="Top 64" FinalPassDay="1" Award="64012,800,1,0,0,0,0|5200,120,1,0,0,0,0|64008,800,1,0,0,0,0|50151,120,1,0,0,0,0" />
  <Award ID="35" MatchID="999" Name="Top 32" FinalPassDay="2" Award="64012,1200,1,0,0,0,0|5200,180,1,0,0,0,0|64008,1200,1,0,0,0,0|50151,180,1,0,0,0,0" />
  <Award ID="36" MatchID="999" Name="Top 16" FinalPassDay="3" Award="64012,1600,1,0,0,0,0|5200,240,1,0,0,0,0|64008,1600,1,0,0,0,0|50151,240,1,0,0,0,0" />
  <Award ID="37" MatchID="999" Name="Top 8" FinalPassDay="4" Award="64012,2000,1,0,0,0,0|5200,300,1,0,0,0,0|64008,2000,1,0,0,0,0|50151,300,1,0,0,0,0" />
  <Award ID="38" MatchID="999" Name="Top 4" FinalPassDay="5" Award="64012,2400,1,0,0,0,0|5200,360,1,0,0,0,0|64008,2400,1,0,0,0,0|50151,360,1,0,0,0,0" />
  <Award ID="39" MatchID="999" Name="Á Quân" FinalPassDay="6" Award="64012,3000,1,0,0,0,0|5200,450,1,0,0,0,0|64008,3000,1,0,0,0,0|50151,450,1,0,0,0,0" />
  <Award ID="40" MatchID="999" Name="Vô Địch" FinalPassDay="7" Award="64012,4000,1,0,0,0,0|5200,600,1,0,0,0,0|64008,4000,1,0,0,0,0|50151,600,1,0,0,0,0" />
</Config>"
