TextAsset Base
	string m_Name = "WenZhangCuiLing"
	string m_Script = "<?xml version="1.0" encoding="utf-8"?>
<Config>
  <WenZhangCuiLing ID="1" WenZhangID="1" WenZhangPoint="1" IsOpen="1" NeedWenZhangLevel="5" NeedGoods="6103,1" NeedMoney="8,100000" Property="100011,11000|100021,10000|100031,10000|100041,10000|100051,10000|100061,4000|100071,3000|100081,3000|100091,4000|100101,4000|100111,10400|100121,10000|100131,500|100141,100|100151,3000|100161,3000|100171,4000" />
  <WenZhangCuiLing ID="2" WenZhangID="1" WenZhangPoint="2" IsOpen="1" NeedWenZhangLevel="10" NeedGoods="6103,1" NeedMoney="8,100000" Property="100011,13000|100021,10000|100031,10000|100041,10000|100051,10000|100061,4000|100071,2500|100081,2500|100091,4000|100101,4000|100111,10400|100121,10000|100131,500|100141,100|100151,2500|100161,2500|100171,4000" />
  <WenZhangCuiLing ID="3" WenZhangID="1" WenZhangPoint="3" IsOpen="1" NeedWenZhangLevel="20" NeedGoods="6103,1" NeedMoney="8,100000" Property="100011,15000|100021,10000|100031,10000|100041,10000|100051,10000|100061,4000|100071,2000|100081,2000|100091,4000|100101,4000|100111,10400|100121,10000|100131,500|100141,100|100151,2000|100161,2000|100171,4000" />
  <WenZhangCuiLing ID="4" WenZhangID="1" WenZhangPoint="4" IsOpen="1" NeedWenZhangLevel="30" NeedGoods="6103,1" NeedMoney="8,100000" Property="100011,15000|100021,10000|100031,10000|100041,11000|100051,11000|100061,4000|100071,1500|100081,1500|100091,4000|100101,4000|100111,10400|100121,10000|100131,500|100141,100|100151,1500|100161,1500|100171,4000" />
  <WenZhangCuiLing ID="5" WenZhangID="1" WenZhangPoint="5" IsOpen="1" NeedWenZhangLevel="50" NeedGoods="6103,1" NeedMoney="8,100000" Property="100011,15000|100021,10000|100031,10000|100041,11000|100051,11000|100061,4000|100071,1000|100081,1000|100091,4000|100101,4000|100111,11400|100121,11000|100131,500|100141,100|100151,1000|100161,1000|100171,4000" />
  <WenZhangCuiLing ID="6" WenZhangID="1" WenZhangPoint="6" IsOpen="0" NeedWenZhangLevel="10" NeedGoods="6103,1" NeedMoney="8,100000" Property="100011,11000|100021,10000|100031,10000|100041,10000|100051,10000|100061,4000|100071,3000|100081,3000|100091,4000|100101,4000|100111,10400|100121,10000|100131,500|100141,100|100151,3000|100161,3000|100171,4000" />
  <WenZhangCuiLing ID="7" WenZhangID="1" WenZhangPoint="7" IsOpen="0" NeedWenZhangLevel="20" NeedGoods="6103,1" NeedMoney="8,100000" Property="100011,13000|100021,10000|100031,10000|100041,10000|100051,10000|100061,4000|100071,2500|100081,2500|100091,4000|100101,4000|100111,10400|100121,10000|100131,500|100141,100|100151,2500|100161,2500|100171,4000" />
  <WenZhangCuiLing ID="8" WenZhangID="1" WenZhangPoint="8" IsOpen="0" NeedWenZhangLevel="30" NeedGoods="6103,1" NeedMoney="8,100000" Property="100011,15000|100021,10000|100031,10000|100041,10000|100051,10000|100061,4000|100071,2000|100081,2000|100091,4000|100101,4000|100111,10400|100121,10000|100131,500|100141,100|100151,2000|100161,2000|100171,4000" />
  <WenZhangCuiLing ID="9" WenZhangID="1" WenZhangPoint="9" IsOpen="0" NeedWenZhangLevel="40" NeedGoods="6103,1" NeedMoney="8,100000" Property="100011,15000|100021,10000|100031,10000|100041,11000|100051,11000|100061,4000|100071,1500|100081,1500|100091,4000|100101,4000|100111,10400|100121,10000|100131,500|100141,100|100151,1500|100161,1500|100171,4000" />
  <WenZhangCuiLing ID="10" WenZhangID="1" WenZhangPoint="10" IsOpen="0" NeedWenZhangLevel="50" NeedGoods="6103,1" NeedMoney="8,100000" Property="100011,15000|100021,10000|100031,10000|100041,11000|100051,11000|100061,4000|100071,1000|100081,1000|100091,4000|100101,4000|100111,11400|100121,11000|100131,500|100141,100|100151,1000|100161,1000|100171,4000" />
  <WenZhangCuiLing ID="11" WenZhangID="2" WenZhangPoint="1" IsOpen="1" NeedWenZhangLevel="5" NeedGoods="6103,1" NeedMoney="8,100000" Property="100011,11000|100021,10000|100031,10000|100041,10000|100051,10000|100061,4000|100071,3000|100081,3000|100091,4000|100101,4000|100181,10400|100191,10000|100201,500|100211,100|100221,3000|100231,3000|100241,4000" />
  <WenZhangCuiLing ID="12" WenZhangID="2" WenZhangPoint="2" IsOpen="1" NeedWenZhangLevel="10" NeedGoods="6103,1" NeedMoney="8,100000" Property="100011,13000|100021,10000|100031,10000|100041,10000|100051,10000|100061,4000|100071,2500|100081,2500|100091,4000|100101,4000|100181,10400|100191,10000|100201,500|100211,100|100221,2500|100231,2500|100241,4000" />
  <WenZhangCuiLing ID="13" WenZhangID="2" WenZhangPoint="3" IsOpen="1" NeedWenZhangLevel="20" NeedGoods="6103,1" NeedMoney="8,100000" Property="100011,15000|100021,10000|100031,10000|100041,10000|100051,10000|100061,4000|100071,2000|100081,2000|100091,4000|100101,4000|100181,10400|100191,10000|100201,500|100211,100|100221,2000|100231,2000|100241,4000" />
  <WenZhangCuiLing ID="14" WenZhangID="2" WenZhangPoint="4" IsOpen="1" NeedWenZhangLevel="30" NeedGoods="6103,1" NeedMoney="8,100000" Property="100011,15000|100021,10000|100031,10000|100041,11000|100051,11000|100061,4000|100071,1500|100081,1500|100091,4000|100101,4000|100181,10400|100191,10000|100201,500|100211,100|100221,1500|100231,1500|100241,4000" />
  <WenZhangCuiLing ID="15" WenZhangID="2" WenZhangPoint="5" IsOpen="1" NeedWenZhangLevel="50" NeedGoods="6103,1" NeedMoney="8,100000" Property="100011,15000|100021,10000|100031,10000|100041,11000|100051,11000|100061,4000|100071,1000|100081,1000|100091,4000|100101,4000|100181,11400|100191,11000|100201,500|100211,100|100221,1000|100231,1000|100241,4000" />
  <WenZhangCuiLing ID="16" WenZhangID="2" WenZhangPoint="6" IsOpen="0" NeedWenZhangLevel="10" NeedGoods="6103,1" NeedMoney="8,100000" Property="100011,11000|100021,10000|100031,10000|100041,10000|100051,10000|100061,4000|100071,3000|100081,3000|100091,4000|100101,4000|100181,10400|100191,10000|100201,500|100211,100|100221,3000|100231,3000|100241,4000" />
  <WenZhangCuiLing ID="17" WenZhangID="2" WenZhangPoint="7" IsOpen="0" NeedWenZhangLevel="20" NeedGoods="6103,1" NeedMoney="8,100000" Property="100011,13000|100021,10000|100031,10000|100041,10000|100051,10000|100061,4000|100071,2500|100081,2500|100091,4000|100101,4000|100181,10400|100191,10000|100201,500|100211,100|100221,2500|100231,2500|100241,4000" />
  <WenZhangCuiLing ID="18" WenZhangID="2" WenZhangPoint="8" IsOpen="0" NeedWenZhangLevel="30" NeedGoods="6103,1" NeedMoney="8,100000" Property="100011,15000|100021,10000|100031,10000|100041,10000|100051,10000|100061,4000|100071,2000|100081,2000|100091,4000|100101,4000|100181,10400|100191,10000|100201,500|100211,100|100221,2000|100231,2000|100241,4000" />
  <WenZhangCuiLing ID="19" WenZhangID="2" WenZhangPoint="9" IsOpen="0" NeedWenZhangLevel="40" NeedGoods="6103,1" NeedMoney="8,100000" Property="100011,15000|100021,10000|100031,10000|100041,11000|100051,11000|100061,4000|100071,1500|100081,1500|100091,4000|100101,4000|100181,10400|100191,10000|100201,500|100211,100|100221,1500|100231,1500|100241,4000" />
  <WenZhangCuiLing ID="20" WenZhangID="2" WenZhangPoint="10" IsOpen="0" NeedWenZhangLevel="50" NeedGoods="6103,1" NeedMoney="8,100000" Property="100011,15000|100021,10000|100031,10000|100041,11000|100051,11000|100061,4000|100071,1000|100081,1000|100091,4000|100101,4000|100181,11400|100191,11000|100201,500|100211,100|100221,1000|100231,1000|100241,4000" />
  <WenZhangCuiLing ID="21" WenZhangID="3" WenZhangPoint="1" IsOpen="1" NeedWenZhangLevel="5" NeedGoods="6103,1" NeedMoney="8,100000" Property="100011,11000|100021,10000|100031,10000|100041,10000|100051,10000|100061,4000|100071,3000|100081,3000|100091,4000|100101,4000|100251,10400|100261,10000|100271,500|100281,100|100291,3000|100301,3000|100311,4000" />
  <WenZhangCuiLing ID="22" WenZhangID="3" WenZhangPoint="2" IsOpen="1" NeedWenZhangLevel="10" NeedGoods="6103,1" NeedMoney="8,100000" Property="100011,13000|100021,10000|100031,10000|100041,10000|100051,10000|100061,4000|100071,2500|100081,2500|100091,4000|100101,4000|100251,10400|100261,10000|100271,500|100281,100|100291,2500|100301,2500|100311,4000" />
  <WenZhangCuiLing ID="23" WenZhangID="3" WenZhangPoint="3" IsOpen="1" NeedWenZhangLevel="20" NeedGoods="6103,1" NeedMoney="8,100000" Property="100011,15000|100021,10000|100031,10000|100041,10000|100051,10000|100061,4000|100071,2000|100081,2000|100091,4000|100101,4000|100251,10400|100261,10000|100271,500|100281,100|100291,2000|100301,2000|100311,4000" />
  <WenZhangCuiLing ID="24" WenZhangID="3" WenZhangPoint="4" IsOpen="1" NeedWenZhangLevel="30" NeedGoods="6103,1" NeedMoney="8,100000" Property="100011,15000|100021,10000|100031,10000|100041,11000|100051,11000|100061,4000|100071,1500|100081,1500|100091,4000|100101,4000|100251,10400|100261,10000|100271,500|100281,100|100291,1500|100301,1500|100311,4000" />
  <WenZhangCuiLing ID="25" WenZhangID="3" WenZhangPoint="5" IsOpen="1" NeedWenZhangLevel="50" NeedGoods="6103,1" NeedMoney="8,100000" Property="100011,15000|100021,10000|100031,10000|100041,11000|100051,11000|100061,4000|100071,1000|100081,1000|100091,4000|100101,4000|100251,11400|100261,11000|100271,500|100281,100|100291,1000|100301,1000|100311,4000" />
  <WenZhangCuiLing ID="26" WenZhangID="3" WenZhangPoint="6" IsOpen="0" NeedWenZhangLevel="10" NeedGoods="6103,1" NeedMoney="8,100000" Property="100011,11000|100021,10000|100031,10000|100041,10000|100051,10000|100061,4000|100071,3000|100081,3000|100091,4000|100101,4000|100251,10400|100261,10000|100271,500|100281,100|100291,3000|100301,3000|100311,4000" />
  <WenZhangCuiLing ID="27" WenZhangID="3" WenZhangPoint="7" IsOpen="0" NeedWenZhangLevel="20" NeedGoods="6103,1" NeedMoney="8,100000" Property="100011,13000|100021,10000|100031,10000|100041,10000|100051,10000|100061,4000|100071,2500|100081,2500|100091,4000|100101,4000|100251,10400|100261,10000|100271,500|100281,100|100291,2500|100301,2500|100311,4000" />
  <WenZhangCuiLing ID="28" WenZhangID="3" WenZhangPoint="8" IsOpen="0" NeedWenZhangLevel="30" NeedGoods="6103,1" NeedMoney="8,100000" Property="100011,15000|100021,10000|100031,10000|100041,10000|100051,10000|100061,4000|100071,2000|100081,2000|100091,4000|100101,4000|100251,10400|100261,10000|100271,500|100281,100|100291,2000|100301,2000|100311,4000" />
  <WenZhangCuiLing ID="29" WenZhangID="3" WenZhangPoint="9" IsOpen="0" NeedWenZhangLevel="40" NeedGoods="6103,1" NeedMoney="8,100000" Property="100011,15000|100021,10000|100031,10000|100041,11000|100051,11000|100061,4000|100071,1500|100081,1500|100091,4000|100101,4000|100251,10400|100261,10000|100271,500|100281,100|100291,1500|100301,1500|100311,4000" />
  <WenZhangCuiLing ID="30" WenZhangID="3" WenZhangPoint="10" IsOpen="0" NeedWenZhangLevel="50" NeedGoods="6103,1" NeedMoney="8,100000" Property="100011,15000|100021,10000|100031,10000|100041,11000|100051,11000|100061,4000|100071,1000|100081,1000|100091,4000|100101,4000|100251,11400|100261,11000|100271,500|100281,100|100291,1000|100301,1000|100311,4000" />
  <WenZhangCuiLing ID="31" WenZhangID="4" WenZhangPoint="1" IsOpen="1" NeedWenZhangLevel="5" NeedGoods="6103,1" NeedMoney="8,100000" Property="100011,11000|100021,10000|100031,10000|100041,10000|100051,10000|100061,4000|100071,3000|100081,3000|100091,4000|100101,4000|100321,10400|100331,10000|100341,500|100351,100|100361,3000|100371,3000|100381,4000" />
  <WenZhangCuiLing ID="32" WenZhangID="4" WenZhangPoint="2" IsOpen="1" NeedWenZhangLevel="10" NeedGoods="6103,1" NeedMoney="8,100000" Property="100011,13000|100021,10000|100031,10000|100041,10000|100051,10000|100061,4000|100071,2500|100081,2500|100091,4000|100101,4000|100321,10400|100331,10000|100341,500|100351,100|100361,2500|100371,2500|100381,4000" />
  <WenZhangCuiLing ID="33" WenZhangID="4" WenZhangPoint="3" IsOpen="1" NeedWenZhangLevel="20" NeedGoods="6103,1" NeedMoney="8,100000" Property="100011,15000|100021,10000|100031,10000|100041,10000|100051,10000|100061,4000|100071,2000|100081,2000|100091,4000|100101,4000|100321,10400|100331,10000|100341,500|100351,100|100361,2000|100371,2000|100381,4000" />
  <WenZhangCuiLing ID="34" WenZhangID="4" WenZhangPoint="4" IsOpen="1" NeedWenZhangLevel="30" NeedGoods="6103,1" NeedMoney="8,100000" Property="100011,15000|100021,10000|100031,10000|100041,11000|100051,11000|100061,4000|100071,1500|100081,1500|100091,4000|100101,4000|100321,10400|100331,10000|100341,500|100351,100|100361,1500|100371,1500|100381,4000" />
  <WenZhangCuiLing ID="35" WenZhangID="4" WenZhangPoint="5" IsOpen="1" NeedWenZhangLevel="50" NeedGoods="6103,1" NeedMoney="8,100000" Property="100011,15000|100021,10000|100031,10000|100041,11000|100051,11000|100061,4000|100071,1000|100081,1000|100091,4000|100101,4000|100321,11400|100331,11000|100341,500|100351,100|100361,1000|100371,1000|100381,4000" />
  <WenZhangCuiLing ID="36" WenZhangID="4" WenZhangPoint="6" IsOpen="0" NeedWenZhangLevel="10" NeedGoods="6103,1" NeedMoney="8,100000" Property="100011,11000|100021,10000|100031,10000|100041,10000|100051,10000|100061,4000|100071,3000|100081,3000|100091,4000|100101,4000|100321,10400|100331,10000|100341,500|100351,100|100361,3000|100371,3000|100381,4000" />
  <WenZhangCuiLing ID="37" WenZhangID="4" WenZhangPoint="7" IsOpen="0" NeedWenZhangLevel="20" NeedGoods="6103,1" NeedMoney="8,100000" Property="100011,13000|100021,10000|100031,10000|100041,10000|100051,10000|100061,4000|100071,2500|100081,2500|100091,4000|100101,4000|100321,10400|100331,10000|100341,500|100351,100|100361,2500|100371,2500|100381,4000" />
  <WenZhangCuiLing ID="38" WenZhangID="4" WenZhangPoint="8" IsOpen="0" NeedWenZhangLevel="30" NeedGoods="6103,1" NeedMoney="8,100000" Property="100011,15000|100021,10000|100031,10000|100041,10000|100051,10000|100061,4000|100071,2000|100081,2000|100091,4000|100101,4000|100321,10400|100331,10000|100341,500|100351,100|100361,2000|100371,2000|100381,4000" />
  <WenZhangCuiLing ID="39" WenZhangID="4" WenZhangPoint="9" IsOpen="0" NeedWenZhangLevel="40" NeedGoods="6103,1" NeedMoney="8,100000" Property="100011,15000|100021,10000|100031,10000|100041,11000|100051,11000|100061,4000|100071,1500|100081,1500|100091,4000|100101,4000|100321,10400|100331,10000|100341,500|100351,100|100361,1500|100371,1500|100381,4000" />
  <WenZhangCuiLing ID="40" WenZhangID="4" WenZhangPoint="10" IsOpen="0" NeedWenZhangLevel="50" NeedGoods="6103,1" NeedMoney="8,100000" Property="100011,15000|100021,10000|100031,10000|100041,11000|100051,11000|100061,4000|100071,1000|100081,1000|100091,4000|100101,4000|100321,11400|100331,11000|100341,500|100351,100|100361,1000|100371,1000|100381,4000" />
  <WenZhangCuiLing ID="41" WenZhangID="5" WenZhangPoint="1" IsOpen="1" NeedWenZhangLevel="5" NeedGoods="6103,1" NeedMoney="8,100000" Property="100011,11000|100021,10000|100031,10000|100041,10000|100051,10000|100061,4000|100071,3000|100081,3000|100091,4000|100101,4000|100391,10400|100401,10000|100411,500|100421,100|100431,3000|100441,3000|100451,4000" />
  <WenZhangCuiLing ID="42" WenZhangID="5" WenZhangPoint="2" IsOpen="1" NeedWenZhangLevel="10" NeedGoods="6103,1" NeedMoney="8,100000" Property="100011,13000|100021,10000|100031,10000|100041,10000|100051,10000|100061,4000|100071,2500|100081,2500|100091,4000|100101,4000|100391,10400|100401,10000|100411,500|100421,100|100431,2500|100441,2500|100451,4000" />
  <WenZhangCuiLing ID="43" WenZhangID="5" WenZhangPoint="3" IsOpen="1" NeedWenZhangLevel="20" NeedGoods="6103,1" NeedMoney="8,100000" Property="100011,15000|100021,10000|100031,10000|100041,10000|100051,10000|100061,4000|100071,2000|100081,2000|100091,4000|100101,4000|100391,10400|100401,10000|100411,500|100421,100|100431,2000|100441,2000|100451,4000" />
  <WenZhangCuiLing ID="44" WenZhangID="5" WenZhangPoint="4" IsOpen="1" NeedWenZhangLevel="30" NeedGoods="6103,1" NeedMoney="8,100000" Property="100011,15000|100021,10000|100031,10000|100041,11000|100051,11000|100061,4000|100071,1500|100081,1500|100091,4000|100101,4000|100391,10400|100401,10000|100411,500|100421,100|100431,1500|100441,1500|100451,4000" />
  <WenZhangCuiLing ID="45" WenZhangID="5" WenZhangPoint="5" IsOpen="1" NeedWenZhangLevel="50" NeedGoods="6103,1" NeedMoney="8,100000" Property="100011,15000|100021,10000|100031,10000|100041,11000|100051,11000|100061,4000|100071,1000|100081,1000|100091,4000|100101,4000|100391,11400|100401,11000|100411,500|100421,100|100431,1000|100441,1000|100451,4000" />
  <WenZhangCuiLing ID="46" WenZhangID="5" WenZhangPoint="6" IsOpen="0" NeedWenZhangLevel="10" NeedGoods="6103,1" NeedMoney="8,100000" Property="100011,11000|100021,10000|100031,10000|100041,10000|100051,10000|100061,4000|100071,3000|100081,3000|100091,4000|100101,4000|100391,10400|100401,10000|100411,500|100421,100|100431,3000|100441,3000|100451,4000" />
  <WenZhangCuiLing ID="47" WenZhangID="5" WenZhangPoint="7" IsOpen="0" NeedWenZhangLevel="20" NeedGoods="6103,1" NeedMoney="8,100000" Property="100011,13000|100021,10000|100031,10000|100041,10000|100051,10000|100061,4000|100071,2500|100081,2500|100091,4000|100101,4000|100391,10400|100401,10000|100411,500|100421,100|100431,2500|100441,2500|100451,4000" />
  <WenZhangCuiLing ID="48" WenZhangID="5" WenZhangPoint="8" IsOpen="0" NeedWenZhangLevel="30" NeedGoods="6103,1" NeedMoney="8,100000" Property="100011,15000|100021,10000|100031,10000|100041,10000|100051,10000|100061,4000|100071,2000|100081,2000|100091,4000|100101,4000|100391,10400|100401,10000|100411,500|100421,100|100431,2000|100441,2000|100451,4000" />
  <WenZhangCuiLing ID="49" WenZhangID="5" WenZhangPoint="9" IsOpen="0" NeedWenZhangLevel="40" NeedGoods="6103,1" NeedMoney="8,100000" Property="100011,15000|100021,10000|100031,10000|100041,11000|100051,11000|100061,4000|100071,1500|100081,1500|100091,4000|100101,4000|100391,10400|100401,10000|100411,500|100421,100|100431,1500|100441,1500|100451,4000" />
  <WenZhangCuiLing ID="50" WenZhangID="5" WenZhangPoint="10" IsOpen="0" NeedWenZhangLevel="50" NeedGoods="6103,1" NeedMoney="8,100000" Property="100011,15000|100021,10000|100031,10000|100041,11000|100051,11000|100061,4000|100071,1000|100081,1000|100091,4000|100101,4000|100391,11400|100401,11000|100411,500|100421,100|100431,1000|100441,1000|100451,4000" />
  <WenZhangCuiLing ID="51" WenZhangID="6" WenZhangPoint="1" IsOpen="1" NeedWenZhangLevel="5" NeedGoods="6103,1" NeedMoney="8,100000" Property="100011,11000|100021,10000|100031,10000|100041,10000|100051,10000|100061,4000|100071,3000|100081,3000|100091,4000|100101,4000|100391,10400|100401,10000|100411,500|100421,100|100431,3000|100441,3000|100451,4000" />
  <WenZhangCuiLing ID="52" WenZhangID="6" WenZhangPoint="2" IsOpen="1" NeedWenZhangLevel="10" NeedGoods="6103,1" NeedMoney="8,100000" Property="100011,13000|100021,10000|100031,10000|100041,10000|100051,10000|100061,4000|100071,2500|100081,2500|100091,4000|100101,4000|100391,10400|100401,10000|100411,500|100421,100|100431,2500|100441,2500|100451,4000" />
  <WenZhangCuiLing ID="53" WenZhangID="6" WenZhangPoint="3" IsOpen="1" NeedWenZhangLevel="20" NeedGoods="6103,1" NeedMoney="8,100000" Property="100011,15000|100021,10000|100031,10000|100041,10000|100051,10000|100061,4000|100071,2000|100081,2000|100091,4000|100101,4000|100391,10400|100401,10000|100411,500|100421,100|100431,2000|100441,2000|100451,4000" />
  <WenZhangCuiLing ID="54" WenZhangID="6" WenZhangPoint="4" IsOpen="1" NeedWenZhangLevel="30" NeedGoods="6103,1" NeedMoney="8,100000" Property="100011,15000|100021,10000|100031,10000|100041,11000|100051,11000|100061,4000|100071,1500|100081,1500|100091,4000|100101,4000|100391,10400|100401,10000|100411,500|100421,100|100431,1500|100441,1500|100451,4000" />
  <WenZhangCuiLing ID="55" WenZhangID="6" WenZhangPoint="5" IsOpen="1" NeedWenZhangLevel="50" NeedGoods="6103,1" NeedMoney="8,100000" Property="100011,15000|100021,10000|100031,10000|100041,11000|100051,11000|100061,4000|100071,1000|100081,1000|100091,4000|100101,4000|100391,11400|100401,11000|100411,500|100421,100|100431,1000|100441,1000|100451,4000" />
  <WenZhangCuiLing ID="56" WenZhangID="6" WenZhangPoint="6" IsOpen="0" NeedWenZhangLevel="10" NeedGoods="6103,1" NeedMoney="8,100000" Property="100011,11000|100021,10000|100031,10000|100041,10000|100051,10000|100061,4000|100071,3000|100081,3000|100091,4000|100101,4000|100391,10400|100401,10000|100411,500|100421,100|100431,3000|100441,3000|100451,4000" />
  <WenZhangCuiLing ID="57" WenZhangID="6" WenZhangPoint="7" IsOpen="0" NeedWenZhangLevel="20" NeedGoods="6103,1" NeedMoney="8,100000" Property="100011,13000|100021,10000|100031,10000|100041,10000|100051,10000|100061,4000|100071,2500|100081,2500|100091,4000|100101,4000|100391,10400|100401,10000|100411,500|100421,100|100431,2500|100441,2500|100451,4000" />
  <WenZhangCuiLing ID="58" WenZhangID="6" WenZhangPoint="8" IsOpen="0" NeedWenZhangLevel="30" NeedGoods="6103,1" NeedMoney="8,100000" Property="100011,15000|100021,10000|100031,10000|100041,10000|100051,10000|100061,4000|100071,2000|100081,2000|100091,4000|100101,4000|100391,10400|100401,10000|100411,500|100421,100|100431,2000|100441,2000|100451,4000" />
  <WenZhangCuiLing ID="59" WenZhangID="6" WenZhangPoint="9" IsOpen="0" NeedWenZhangLevel="40" NeedGoods="6103,1" NeedMoney="8,100000" Property="100011,15000|100021,10000|100031,10000|100041,11000|100051,11000|100061,4000|100071,1500|100081,1500|100091,4000|100101,4000|100391,10400|100401,10000|100411,500|100421,100|100431,1500|100441,1500|100451,4000" />
  <WenZhangCuiLing ID="60" WenZhangID="6" WenZhangPoint="10" IsOpen="0" NeedWenZhangLevel="50" NeedGoods="6103,1" NeedMoney="8,100000" Property="100011,15000|100021,10000|100031,10000|100041,11000|100051,11000|100061,4000|100071,1000|100081,1000|100091,4000|100101,4000|100391,11400|100401,11000|100411,500|100421,100|100431,1000|100441,1000|100451,4000" />
</Config>"
